6427	1
6125	2
4	3
5205	4
2081	5
7717	6
1455	7
5607	8
732	9
8786	10
3571	11
2362	12
7437	13
6198	14
97	15
102	16
4111	17
4080	18
830	19
3239	20
6859	21
7887	22
55	23
440	24
3180	25
81	26
1437	27
100	28
7105	29
1114	30
6117	31
3136	32
6348	33
7914	34
7661	36
1689	37
2919	38
3959	39
3169	40
5384	41
8205	42
5025	43
524	44
452	45
105	46
6014	47
5955	48
7077	49
12	50
1181	51
2442	52
5220	53
1747	54
7294	55
2206	56
3364	57
392	58
2082	59
4138	60
3044	61
8027	62
2	63
4306	64
200	65
6651	66
4307	67
7856	68
1711	69
5845	70
4995	71
106	72
2119	73
4810	74
962	75
511	76
8365	77
5171	78
6777	79
5792	80
782	81
8782	82
7118	83
99	84
7890	85
4360	86
362	87
7258	88
4581	89
8432	90
3549	91
3699	92
3181	93
494	94
5697	95
6491	96
469	97
1	98
6053	99
4811	100
5988	101
4370	102
8369	103
1284	104
850	105
1311	106
2272	107
8564	108
2295	109
3577	110
5415	111
452	112
4692	113
6752	114
3394	115
4209	116
7912	117
878	118
4507	119
6870	120
2648	121
8452	122
5012	123
5900	124
5514	125
4292	126
2217	127
4690	128
6	129
3195	130
8565	131
7538	132
988	133
7747	134
4922	135
1628	136
66	137
583	138
5145	139
2614	140
5865	141
3357	142
3419	143
41	144
6673	145
8230	146
4476	147
2876	148
3456	149
18	150
5159	151
8108	152
4072	153
7671	154
4622	155
291	156
1845	157
170	158
1338	159
1375	160
1143	161
230	162
5372	163
4579	164
6105	165
6094	166
315	167
4300	168
958	169
7941	170
40	171
2704	172
7771	173
190	174
5140	175
3215	176
2196	177
6256	178
8153	179
7857	180
351	181
3753	182
7190	183
1933	184
1472	185
184	186
35	187
8550	188
1069	189
1648	190
1063	191
6615	192
1291	193
8648	194
4032	195
7759	196
30	197
6314	198
8012	199
6699	200
8211	201
5278	202
6225	203
7189	204
3404	205
14	206
619	207
104	208
5069	209
961	210
50	211
5883	212
8077	213
7660	214
6447	215
1535	216
1534	217
3013	218
4238	219
5825	220
139	221
1458	222
5653	223
2705	224
4718	225
3078	226
3570	227
5506	228
8502	229
103	230
8408	231
6782	232
1274	233
1676	234
8584	235
16	236
8162	237
5268	238
8667	239
6341	240
397	241
6950	242
3957	243
801	244
385	245
636	246
7055	247
2022	248
4760	249
8331	250
4899	251
5554	252
5739	253
7883	254
7458	255
3552	256
8718	257
3480	258
5761	259
735	260
7947	261
1820	262
4621	263
525	264
7738	265
7910	266
5167	267
1924	268
4213	269
1630	270
8347	271
1915	272
7104	273
2624	274
8106	275
1986	276
4758	277
3919	278
438	279
2733	280
243	281
150	282
74	283
1009	284
4464	285
6967	286
3669	287
6283	288
377	289
1645	290
3069	291
488	292
5566	293
6936	294
3233	295
1945	296
83	297
5178	298
519	299
291	300
651	301
5405	302
44	303
8275	304
6250	305
3554	306
2254	307
1182	308
27	309
3837	310
7949	311
7789	312
1166	314
5301	315
895	316
55	317
7804	318
6412	319
1097	320
201	321
2200	322
5334	323
7965	324
2345	325
7751	326
33	327
17	328
5876	329
2366	330
5852	331
2263	332
183	333
1220	334
5949	335
32	336
2745	337
7354	338
4117	339
6806	340
3590	341
6759	342
3714	343
1796	344
4744	345
3989	346
160	347
3392	348
722	349
6291	350
2073	351
88	352
4433	353
1288	354
1111	355
7697	356
6713	357
3504	358
3141	359
4271	360
209	361
8264	362
4004	363
8766	364
6319	365
5611	366
8000	367
1423	368
7733	369
2341	370
5304	371
75	372
5552	373
5491	374
6343	375
357	376
87	377
137	378
8035	379
3733	380
8747	381
3897	382
94	383
4098	384
167	385
3579	386
6963	387
8186	388
4723	389
3824	390
6542	391
20	392
139	393
163	394
3267	395
1568	396
1979	397
1417	398
5	399
2888	400
4035	401
2883	402
1464	403
3628	404
1434	405
1789	406
6088	407
7943	408
4818	409
1720	410
268	411
1053	412
6911	413
6729	414
3887	415
495	416
2070	417
901	418
436	419
3009	420
3273	421
1757	422
4797	423
3766	424
4346	425
3702	426
1880	427
6437	428
5609	429
873	430
5878	431
3807	432
8468	433
4269	434
3333	435
3049	436
6029	437
1569	438
6177	439
7679	440
2589	441
7453	442
7986	443
2976	444
6	445
7363	446
8197	447
2792	448
2608	449
7082	450
8022	451
121	453
211	454
2547	455
250	456
7799	457
2672	458
4152	459
5291	460
3592	461
7755	462
25	463
6352	464
6227	465
6881	466
42	467
5187	468
4052	469
165	470
4645	471
2	472
4959	473
6965	474
5004	475
7980	476
730	477
4446	478
838	479
77	480
7102	481
7237	482
5625	483
264	484
306	485
26	486
6284	487
8219	488
7113	489
8050	490
7228	491
3797	492
969	493
6330	494
795	495
6629	496
1124	497
3265	498
15	499
492	500
302	501
416	502
50	503
7302	504
1860	505
1254	506
4736	507
3901	508
3593	509
8757	510
1727	511
1738	512
1538	513
5861	514
2211	515
4781	516
1685	517
8148	518
52	519
4854	520
8326	521
2668	522
8217	523
6512	524
5329	525
6601	527
167	528
29	529
8725	530
3125	531
860	532
8175	533
264	534
6123	535
8579	536
7916	537
7336	538
1502	539
3440	540
2548	541
5661	542
3446	543
2187	544
6826	545
4132	546
1380	547
7251	548
2774	549
2149	550
6039	551
6977	552
3624	553
4288	554
7704	555
4159	556
968	557
2422	558
6401	559
33	560
69	561
7985	562
5893	564
8054	565
3	566
3389	567
3038	568
4176	569
5752	570
6948	571
8522	572
3844	573
27	574
4862	575
711	576
6070	577
4375	578
2567	579
6174	580
8493	581
5095	582
6289	583
8140	584
8608	585
666	586
3657	587
6623	588
7560	589
4114	590
7420	591
5851	592
2137	593
113	594
7670	595
2	596
8039	597
7632	598
2154	599
7209	600
736	601
1085	602
4945	603
3866	604
3135	605
5196	606
2701	607
2456	608
4642	609
6737	610
313	611
6998	612
5087	613
5855	614
2249	615
1938	616
2923	617
5773	618
6718	619
5886	620
6328	621
131	622
4184	623
7388	624
3771	625
5720	626
3961	627
2996	628
83	629
8097	630
6047	631
8011	632
2132	633
1197	634
2592	635
1192	636
3164	637
2376	638
5057	639
5942	640
1118	641
5633	642
8426	643
1774	644
53	645
1083	646
3569	647
5826	648
2833	649
6927	650
6980	651
5459	652
1932	653
2860	654
2666	655
6999	656
6180	657
4821	658
8666	659
798	660
515	661
6745	662
244	663
5767	664
6625	665
3058	666
3179	667
323	668
6949	669
2576	670
1802	671
8154	672
3668	673
2734	674
3803	675
5238	676
245	677
6808	678
7	679
8422	680
913	681
89	682
2190	683
3036	684
477	685
5464	686
6422	687
389	688
4689	689
2625	690
8777	691
6192	692
6788	693
4769	694
1890	695
8795	696
6255	697
4401	698
1209	699
6052	700
150	701
8620	702
6981	703
1037	704
72	705
8477	706
4357	707
6229	708
5802	709
197	710
3621	711
950	712
7162	713
4755	714
6201	715
4167	716
8034	717
400	718
5008	719
6460	720
7607	721
3691	722
272	723
2685	724
8670	725
2953	726
82	727
1189	729
7226	730
3329	731
3619	732
4084	733
502	734
4396	735
6527	736
5659	737
781	738
2695	739
6262	740
2017	741
643	742
3925	743
294	744
252	745
1086	746
8537	747
4391	748
2423	749
8769	750
7370	751
4531	752
7423	753
2920	754
1543	755
3743	756
4448	757
4085	758
178	759
5941	760
2276	761
2631	762
3519	763
3603	764
20	765
8665	766
1348	767
2011	768
3857	769
7926	770
4	771
4824	772
6964	773
3	774
4461	775
4809	776
3954	777
3746	778
8451	779
1203	780
349	781
4937	782
2895	783
5576	784
5800	785
679	786
7478	787
4828	788
447	789
5138	790
2486	791
6521	792
5212	793
179	794
203	795
1935	796
8231	797
286	798
7434	799
6935	800
66	801
4397	802
3177	803
5629	804
5425	805
19	806
8421	807
2682	808
214	809
7970	810
4492	811
3024	812
5804	813
7790	814
4434	815
6294	816
4005	817
1776	818
4279	819
1359	820
6814	821
3532	822
5545	823
5227	824
3526	825
3674	826
3365	827
6682	828
86	829
1232	830
5202	831
499	832
2851	833
7130	834
17	835
8245	836
7903	837
2	838
1379	839
3489	840
21	841
7568	842
4012	843
62	844
8553	845
476	846
3501	847
1996	848
5985	849
4315	850
2865	851
1969	852
5081	853
8581	854
8534	855
4229	856
7357	857
3638	858
3248	859
3974	860
37	861
1488	862
6741	863
8303	864
6089	865
4331	866
20	867
751	868
3546	869
7564	870
4753	871
5009	872
5622	873
7244	874
157	875
6332	876
2130	877
3455	878
5084	879
3118	880
3998	881
3796	882
7933	883
1702	884
3342	885
1560	886
1603	887
2811	888
7	889
5161	890
5830	891
2348	892
107	893
8214	894
380	895
7975	896
52	897
6578	898
4562	899
1549	900
8355	901
7714	902
3016	903
7264	904
919	905
6775	906
4933	907
1277	908
6388	909
6429	910
4428	911
226	912
7981	913
6260	914
3804	915
193	916
531	917
3040	918
25	919
4178	920
4274	921
58	922
1089	923
216	924
8699	925
6905	926
2178	927
2772	928
1392	929
8372	930
7544	931
5	932
4276	933
6344	934
7054	935
4735	936
4714	937
5224	938
508	939
4257	940
3070	941
81	942
2000	943
3769	944
2790	945
7041	946
8474	947
5016	948
2275	949
6862	950
16	951
7997	952
3620	953
1023	954
8348	955
19	956
152	957
1119	958
68	959
5971	960
2458	961
128	962
6458	963
2834	964
4967	965
3913	966
653	967
2083	968
16	969
2659	970
826	971
8320	972
3200	973
2550	974
2078	975
383	976
6056	977
4935	978
641	979
2773	980
5431	981
7159	982
6013	983
1919	984
1276	985
6804	986
5759	987
424	988
4337	989
3717	990
4302	991
200	992
7657	993
2718	994
2850	995
1751	996
3544	997
986	998
114	999
7851	1000
3359	1001
1024	1002
320	1003
7474	1004
1249	1005
6548	1006
3829	1007
1818	1008
5939	1009
8580	1010
348	1011
5524	1012
5307	1013
6767	1014
7345	1015
6531	1016
5480	1017
486	1018
174	1019
622	1020
8602	1021
6127	1022
699	1023
742	1024
7183	1025
1302	1026
2215	1027
147	1028
11	1029
6	1030
5400	1031
1752	1032
8726	1033
6784	1034
530	1035
4389	1036
7548	1037
7913	1038
716	1039
6790	1040
2247	1041
2310	1042
5962	1043
2689	1044
4776	1045
11	1046
2375	1047
8229	1048
1364	1049
8402	1050
372	1051
3774	1052
784	1053
5168	1054
2652	1055
6925	1056
1806	1057
4247	1058
6155	1059
4783	1060
1108	1061
2225	1062
2210	1063
8460	1064
7510	1065
7680	1066
5385	1067
56	1068
1745	1069
4305	1070
7953	1071
6323	1072
1884	1073
4129	1074
7954	1075
1482	1076
1345	1077
1853	1078
4050	1079
6126	1080
2945	1081
7456	1082
145	1083
7245	1084
2213	1085
271	1086
8360	1087
4134	1088
5588	1089
6469	1090
5243	1091
1003	1092
4770	1093
920	1094
8509	1095
336	1096
1477	1097
7861	1098
3645	1099
8575	1100
3495	1101
2216	1102
7128	1103
6540	1104
714	1105
5432	1106
357	1107
3950	1108
9	1109
7983	1110
82	1111
19	1112
8393	1113
5725	1114
5390	1115
3466	1116
47	1117
22	1118
7798	1119
43	1120
4813	1121
8621	1122
8103	1123
3084	1124
4839	1125
6591	1126
3429	1127
3106	1128
7335	1129
3115	1130
1021	1131
5302	1132
6267	1133
5560	1134
5195	1135
6210	1136
339	1137
6327	1138
446	1139
3821	1140
109	1141
869	1142
1596	1143
1207	1144
4207	1145
7519	1146
3673	1147
17	1148
3030	1149
113	1150
2431	1151
6955	1152
44	1153
6825	1154
7409	1155
3236	1156
6049	1157
1980	1158
7768	1159
4255	1160
8001	1161
2427	1162
1759	1163
1402	1164
3921	1165
765	1166
4664	1167
6683	1168
5149	1169
3983	1170
5207	1171
6322	1172
1224	1173
3934	1174
4116	1175
122	1176
8	1177
5657	1178
503	1179
167	1180
5481	1181
2609	1182
492	1183
4732	1184
7609	1185
4879	1186
5717	1187
14	1188
2062	1189
197	1190
1856	1191
4977	1192
341	1193
3221	1194
907	1195
6138	1196
5	1197
7391	1198
6630	1199
3230	1200
7811	1201
347	1202
37	1203
77	1204
3264	1205
1504	1206
7200	1207
3820	1208
8552	1209
5319	1210
4520	1211
3	1212
260	1213
5040	1214
3671	1215
6994	1216
1825	1217
6930	1218
6543	1219
179	1220
7215	1221
2762	1222
521	1223
7449	1224
2965	1225
8312	1226
2465	1227
93	1228
1090	1229
3589	1230
185	1231
8464	1232
5474	1233
4938	1234
19	1235
2853	1236
7134	1237
8472	1238
3204	1239
8517	1240
2761	1241
1511	1242
2983	1243
5265	1244
4443	1245
6607	1246
4342	1247
6415	1248
4609	1249
3374	1250
2511	1251
92	1252
8215	1253
7042	1254
5190	1255
8562	1256
616	1257
7621	1258
4418	1259
7117	1260
6072	1261
4978	1262
2822	1263
5083	1264
980	1265
4678	1266
5719	1267
6679	1268
485	1269
435	1270
7994	1271
1509	1272
10	1273
51	1274
1646	1275
4188	1276
1587	1277
5801	1278
43	1279
202	1280
3157	1281
318	1282
8	1283
4291	1284
4112	1285
6564	1286
5881	1287
839	1288
59	1289
5047	1290
7655	1291
2505	1292
5790	1293
5755	1294
6024	1295
5039	1296
395	1297
2943	1298
205	1299
28	1300
2485	1301
3006	1302
6263	1303
7504	1304
4089	1305
3819	1306
947	1307
2556	1308
3916	1309
169	1310
1165	1311
7650	1312
7648	1313
5106	1314
6033	1315
6360	1316
41	1317
8292	1318
1638	1319
7525	1320
7991	1321
8327	1322
6316	1323
5014	1324
6240	1325
5895	1326
2826	1327
726	1328
3460	1329
4672	1330
905	1331
719	1332
1153	1333
1680	1334
6132	1335
5231	1336
1536	1337
6103	1338
5018	1339
228	1340
1655	1341
5948	1342
43	1343
5306	1344
4778	1345
8483	1346
8629	1347
5303	1348
7009	1349
7243	1350
3497	1351
5516	1352
7741	1353
7753	1354
8544	1355
4327	1356
3914	1357
525	1358
2033	1359
6479	1360
1459	1361
1	1362
852	1363
603	1364
7592	1365
421	1366
1870	1367
7181	1368
2401	1369
2136	1370
4633	1371
253	1372
1530	1373
902	1374
2949	1375
6324	1376
3518	1377
1615	1378
53	1379
8762	1380
4719	1381
1004	1382
7422	1383
270	1384
5255	1385
6515	1386
8209	1387
4420	1388
5765	1389
3188	1390
2146	1391
1816	1392
1012	1393
3198	1394
295	1395
1612	1396
6438	1397
3041	1398
307	1399
6812	1400
64	1401
779	1402
190	1403
8296	1404
8719	1405
1967	1406
31	1407
8118	1408
1102	1409
3737	1410
371	1412
11	1413
101	1414
1743	1415
2218	1416
72	1417
7586	1418
4358	1419
1060	1420
563	1421
5490	1422
7175	1423
8656	1424
3500	1425
7530	1426
12	1427
2971	1428
4540	1429
6036	1430
11	1431
2533	1432
7778	1433
1944	1434
2414	1435
277	1436
4218	1437
7955	1438
8063	1439
2984	1440
6944	1441
6937	1442
6134	1443
8179	1444
223	1445
6353	1446
4468	1447
5296	1448
8112	1449
166	1450
610	1451
2491	1452
5139	1453
4739	1454
2758	1455
4482	1456
6005	1457
1241	1458
163	1459
2397	1460
7642	1461
214	1462
1674	1463
746	1464
8585	1465
7106	1466
8066	1467
233	1468
1133	1469
6504	1470
3279	1471
242	1472
1698	1473
4168	1474
6165	1475
7443	1476
6616	1477
364	1478
6075	1479
1554	1480
589	1481
228	1482
183	1483
8431	1484
2064	1485
5966	1486
4067	1487
5408	1488
6589	1489
3034	1490
75	1491
6802	1492
522	1493
332	1494
8673	1495
5100	1496
5127	1497
1463	1498
8374	1499
5097	1500
1799	1501
5805	1502
2942	1503
3291	1504
4011	1505
28	1506
6404	1507
3171	1508
7517	1509
1876	1510
5471	1511
302	1512
5406	1513
1824	1514
54	1515
3468	1516
7	1517
251	1518
5363	1519
248	1520
30	1521
7658	1522
1	1523
1421	1524
6556	1525
2233	1526
6108	1527
8653	1528
4400	1529
2400	1530
8159	1531
5619	1532
8383	1533
1991	1534
284	1535
1792	1536
7108	1537
2886	1538
288	1539
1390	1540
5940	1541
1431	1542
7505	1543
1370	1544
5713	1545
7455	1546
7924	1547
7400	1548
130	1549
4436	1550
1852	1551
489	1552
8206	1553
2952	1554
7713	1555
932	1556
6900	1557
5221	1558
6574	1559
1029	1560
192	1561
4293	1562
3924	1563
2673	1564
1524	1565
30	1566
4215	1567
4265	1568
7350	1569
1847	1570
4146	1571
662	1572
8082	1573
7604	1574
3563	1575
4398	1576
189	1577
2911	1578
6715	1579
2063	1580
855	1581
6018	1582
2330	1583
6751	1584
354	1585
7275	1586
158	1587
5359	1588
5964	1589
834	1590
8448	1591
127	1592
672	1593
3383	1594
526	1595
207	1596
7652	1597
3101	1598
2813	1599
3075	1600
8101	1601
504	1602
5448	1603
1294	1604
4594	1605
4285	1606
807	1607
5572	1608
1739	1609
377	1610
6909	1611
7191	1612
7206	1613
191	1614
8254	1615
6678	1616
5591	1617
7894	1618
4113	1619
5479	1620
8390	1621
4661	1622
7935	1623
8599	1624
8532	1625
36	1626
7378	1627
4955	1628
6433	1629
2964	1630
3949	1631
1614	1632
7493	1633
3927	1634
7329	1635
15	1636
3120	1637
2584	1638
3982	1639
3939	1640
3833	1641
2607	1642
5915	1643
2281	1644
219	1645
1312	1646
1	1647
5656	1648
2460	1649
5393	1650
3652	1651
6823	1652
4961	1653
2302	1654
1756	1655
5163	1656
7020	1657
321	1658
1161	1659
373	1660
6864	1661
922	1662
3213	1663
4133	1664
978	1665
8566	1666
276	1667
6118	1668
3315	1669
2392	1670
1435	1671
6481	1672
2035	1673
3323	1674
6778	1675
881	1676
1581	1677
7346	1678
2365	1679
2261	1680
592	1681
496	1682
2243	1683
5312	1684
1583	1685
143	1686
192	1687
7395	1688
8352	1689
7406	1690
97	1691
266	1692
2698	1693
8613	1694
6274	1695
5873	1696
936	1697
257	1698
4502	1699
1281	1700
2973	1701
888	1702
509	1703
8560	1704
4989	1705
365	1706
3015	1707
3450	1708
69	1709
5596	1710
5947	1711
5570	1712
1906	1713
186	1714
1313	1715
8476	1716
6811	1717
8756	1718
7439	1719
285	1720
8081	1721
210	1722
3499	1723
3906	1724
1734	1725
6530	1726
6887	1727
3045	1728
1891	1729
808	1730
407	1731
8444	1732
3366	1733
4204	1734
7806	1735
825	1736
24	1737
3260	1738
16	1739
80	1740
7649	1741
3431	1742
659	1743
3396	1744
4137	1745
2334	1746
8545	1747
6160	1748
6275	1749
5436	1750
5136	1751
8324	1752
1205	1753
8237	1754
6208	1755
5705	1756
8212	1757
3814	1758
6143	1759
7247	1760
1815	1761
1730	1762
8222	1763
4572	1764
6507	1765
3567	1766
5904	1767
159	1768
3909	1769
1881	1770
5541	1771
6671	1772
254	1773
5460	1774
4330	1775
1202	1776
2382	1777
12	1778
5872	1779
364	1780
1	1781
5844	1782
8	1783
3894	1784
162	1785
6659	1786
4377	1787
1624	1788
1295	1789
7037	1790
1140	1791
1801	1792
1918	1793
1158	1794
1548	1795
7820	1796
18	1797
7424	1798
376	1799
2126	1800
940	1801
6101	1802
4437	1803
2910	1804
3948	1805
6202	1806
6579	1807
5214	1808
819	1809
7343	1810
3434	1811
1342	1812
8201	1813
6046	1814
22	1815
2429	1816
1753	1817
421	1818
6406	1819
1350	1820
8685	1821
204	1822
6738	1823
7276	1824
429	1825
6832	1826
4890	1827
3212	1828
8169	1829
8233	1830
6704	1831
3547	1832
2831	1833
8340	1834
267	1835
399	1836
1373	1837
2250	1838
3224	1839
5437	1840
2496	1841
1687	1842
4452	1843
2398	1844
5282	1845
5706	1846
4427	1847
3512	1848
5557	1849
7631	1850
4600	1851
938	1852
1462	1853
2643	1854
1692	1855
2459	1856
160	1857
1550	1859
6315	1860
8745	1861
7822	1862
3706	1863
4777	1864
467	1865
298	1866
5276	1867
7429	1868
7064	1869
4513	1870
22	1871
5599	1872
7425	1873
3	1874
6739	1875
4130	1876
80	1877
3375	1878
652	1879
6643	1880
5420	1881
8031	1882
2992	1883
4119	1884
1008	1885
3052	1886
3376	1887
1428	1888
684	1889
4073	1890
4742	1891
955	1892
2954	1893
4971	1894
3184	1895
7959	1896
5760	1897
403	1898
5151	1899
3127	1900
7978	1901
20	1902
4412	1903
458	1904
356	1905
1470	1906
4638	1907
6085	1908
5682	1909
916	1910
6078	1911
4641	1912
3457	1913
704	1914
4222	1915
5113	1916
4851	1917
6142	1918
574	1919
2845	1920
7471	1921
402	1922
4511	1923
5394	1924
98	1925
5640	1926
2220	1927
2150	1928
7852	1929
8260	1930
7659	1931
6093	1932
8521	1933
1	1934
5534	1935
212	1936
1000	1937
484	1938
5764	1939
6278	1940
7876	1941
6	1942
6311	1943
6306	1944
2854	1945
90	1946
249	1947
7748	1948
62	1949
6286	1950
6158	1951
1480	1952
4010	1953
6509	1954
1619	1955
1121	1956
924	1957
3700	1958
870	1959
64	1960
792	1961
4856	1962
8238	1963
5154	1964
650	1965
7678	1966
5402	1967
185	1968
109	1969
8559	1970
1340	1971
6498	1972
2172	1973
4970	1974
6068	1975
491	1976
8504	1977
194	1978
7026	1979
7144	1980
4036	1981
6494	1982
4666	1983
7204	1984
8598	1985
7800	1986
812	1987
818	1988
5038	1989
7979	1990
729	1991
1679	1992
5747	1993
269	1994
16	1995
36	1996
6064	1997
6985	1998
1020	1999
5710	2000
4848	2001
199	2002
1671	2003
8721	2004
3584	2005
8561	2006
6915	2007
7915	2008
5812	2009
1172	2010
8246	2011
2697	2012
7761	2013
7737	2014
2675	2015
1	2016
6403	2017
3426	2018
5065	2019
2036	2020
450	2021
7546	2022
2974	2023
918	2024
799	2025
7476	2026
2304	2027
1018	2028
7488	2029
2245	2030
5456	2031
1917	2032
1767	2033
316	2034
8387	2035
6830	2036
2785	2037
63	2038
1622	2039
1228	2040
4596	2041
2267	2042
9	2043
6424	2044
448	2045
3080	2046
4835	2047
4156	2048
2885	2049
767	2050
1361	2051
5806	2052
3107	2053
1112	2054
1371	2055
8165	2056
2084	2057
5001	2058
4474	2059
2820	2060
5347	2061
2595	2062
2443	2063
6175	2064
186	2065
7619	2066
5013	2067
6428	2068
1078	2069
313	2070
5934	2071
6237	2072
4092	2073
2185	2074
7107	2075
2934	2076
512	2077
96	2078
7362	2079
3765	2080
4849	2081
366	2082
2868	2083
43	2084
7210	2085
2939	2086
6084	2087
1046	2088
7368	2089
4480	2090
8758	2091
2843	2092
6206	2093
4141	2094
4869	2095
983	2096
7938	2097
7552	2098
3975	2099
829	2100
84	2101
2229	2102
6076	2103
6913	2104
8193	2105
2326	2106
3599	2107
7231	2108
3886	2109
2483	2110
3424	2111
2680	2112
1171	2113
6684	2114
4450	2115
23	2116
3060	2117
3545	2118
5935	2119
3131	2120
1011	2121
7541	2122
2308	2123
5952	2124
9	2125
2585	2126
1970	2127
8290	2128
6236	2129
1134	2130
434	2131
8113	2132
1156	2133
1187	2134
3870	2135
3317	2136
2613	2137
4107	2138
6273	2139
2962	2140
3935	2141
6685	2142
960	2143
609	2144
4865	2145
286	2146
6537	2147
7103	2148
8494	2149
2788	2150
3402	2151
1100	2152
3861	2153
506	2154
1664	2155
1840	2156
1073	2157
310	2158
3723	2159
3633	2160
4793	2161
4796	2163
3899	2164
35	2165
3341	2166
4415	2167
5841	2168
373	2169
4043	2170
3734	2171
3288	2172
8115	2173
1358	2174
8729	2175
5828	2176
4087	2177
2975	2178
106	2179
7891	2180
7075	2181
5148	2182
3770	2183
3087	2184
3623	2185
1310	2186
2090	2187
4883	2188
222	2189
4838	2190
396	2191
8445	2192
5703	2193
6612	2194
1725	2195
2501	2196
4804	2197
39	2198
6888	2199
527	2200
8407	2201
2752	2202
6048	2203
4857	2204
1067	2205
5281	2206
1811	2207
184	2208
4788	2209
65	2210
1113	2211
221	2212
4224	2213
1755	2214
2059	2215
3242	2216
3266	2217
1331	2218
4485	2219
6608	2220
5248	2221
1465	2222
348	2223
2717	2224
6785	2225
1050	2226
5267	2227
5972	2228
93	2229
7508	2230
6733	2231
7068	2232
5860	2233
6066	2234
8357	2235
4189	2236
1997	2237
6172	2238
7700	2239
6819	2240
6849	2241
4125	2242
5777	2243
7858	2244
762	2245
3502	2246
8558	2247
363	2248
6354	2249
241	2250
2658	2251
2532	2252
1125	2253
125	2254
2446	2255
1239	2256
3306	2257
99	2258
4871	2259
3316	2260
56	2261
6662	2262
5424	2263
8420	2264
1901	2265
3234	2266
5007	2267
7948	2268
1709	2269
3433	2270
3309	2271
4701	2272
213	2273
2305	2274
6697	2275
27	2276
5350	2277
7888	2278
2	2279
105	2280
369	2281
2684	2282
5732	2283
1336	2284
3304	2285
3817	2286
5374	2287
6303	2288
3892	2289
6008	2290
5992	2291
6190	2292
1442	2293
8076	2294
2694	2295
5821	2296
394	2297
8511	2298
7433	2299
4239	2300
7098	2301
7728	2302
397	2303
6604	2304
1226	2305
6856	2306
874	2307
5743	2308
1479	2309
1886	2310
4916	2311
6164	2312
7369	2313
4852	2314
6735	2315
5396	2316
2340	2317
3990	2318
5404	2319
5288	2320
7518	2321
4863	2322
4698	2323
2669	2324
4008	2325
6817	2326
2856	2327
6559	2328
5409	2329
7577	2330
6781	2331
3960	2332
3031	2333
5064	2334
4526	2335
7922	2336
7281	2337
5465	2338
5532	2339
951	2340
4814	2341
549	2342
83	2343
12	2344
6703	2345
7006	2346
3659	2347
4056	2348
6686	2349
3727	2350
6552	2351
6339	2352
5892	2353
5186	2354
639	2355
941	2356
909	2357
1552	2358
2279	2359
6485	2360
77	2361
7610	2362
7841	2363
369	2364
8436	2365
898	2366
2368	2367
4710	2368
8787	2369
2183	2370
3210	2371
8703	2372
4648	2373
4270	2374
867	2375
4576	2376
6342	2377
6	2378
4556	2379
5358	2380
4212	2381
2979	2382
3320	2383
6661	2384
2434	2385
6860	2386
1953	2387
5698	2388
193	2389
4914	2390
5366	2391
5829	2392
3976	2393
2140	2394
8531	2395
1126	2396
196	2397
5326	2398
8640	2399
4861	2400
61	2401
7553	2402
896	2403
7718	2404
5877	2405
5435	2406
1785	2407
7514	2408
8107	2409
2346	2410
8010	2411
4088	2412
20	2413
1984	2414
1857	2415
3381	2416
4501	2417
1590	2418
543	2419
5	2420
2847	2421
4795	2422
4241	2423
5129	2424
229	2425
8200	2426
7223	2427
427	2428
923	2429
7	2430
3244	2431
5785	2432
4369	2433
6277	2434
5833	2435
1	2436
6459	2437
162	2438
821	2439
4685	2440
4761	2441
34	2442
6178	2443
187	2444
135	2445
2720	2446
2212	2447
8188	2448
2110	2449
2203	2450
6182	2452
33	2453
3630	2454
5662	2455
4517	2456
5654	2457
2982	2458
3583	2459
8711	2460
8536	2461
8	2462
51	2463
970	2464
6670	2465
415	2466
39	2467
38	2468
6758	2469
2312	2470
4361	2471
562	2472
573	2473
738	2474
1750	2475
3696	2476
3775	2477
3627	2478
5342	2479
5266	2480
8770	2481
6533	2482
2781	2483
7176	2484
6389	2485
887	2486
4905	2487
3690	2488
5788	2489
4335	2490
3147	2491
271	2492
2719	2493
5543	2494
8514	2495
8776	2496
109	2497
1864	2498
2411	2499
987	2500
188	2501
5780	2502
4763	2503
1261	2504
1026	2505
1068	2506
1706	2507
4963	2508
4057	2509
1363	2510
5707	2511
4806	2512
2989	2513
5300	2514
4345	2515
7562	2516
8089	2517
6848	2518
137	2519
3130	2520
6805	2521
4807	2522
701	2523
1740	2524
2921	2525
8338	2526
3059	2527
2823	2528
2144	2529
190	2530
4982	2531
6318	2532
4198	2533
7511	2534
1278	2535
6526	2536
7213	2537
8389	2538
8628	2539
7317	2540
4866	2541
311	2542
6464	2543
5831	2544
3240	2545
485	2546
3676	2547
2034	2548
5046	2549
5965	2550
2100	2551
5824	2552
6617	2553
195	2554
1318	2555
6958	2556
7468	2557
8796	2558
6489	2559
6	2560
4319	2561
3214	2562
3197	2563
8459	2564
1563	2565
7630	2566
412	2567
2199	2568
7053	2569
8266	2570
4	2571
4996	2572
4423	2573
1330	2574
3022	2575
233	2576
4322	2577
7277	2578
2374	2579
8403	2580
5795	2581
4603	2582
7220	2583
3779	2584
262	2585
4208	2586
6	2587
4734	2588
2053	2589
5733	2590
4076	2591
6280	2592
3847	2593
26	2594
5998	2595
5520	2596
8397	2597
1200	2598
6941	2599
6799	2600
7830	2601
5510	2602
48	2603
4131	2604
668	2605
6822	2606
1830	2607
6975	2608
3	2609
2351	2610
2580	2611
7019	2612
7262	2613
7515	2614
8236	2615
802	2616
4051	2617
4687	2618
8650	2619
633	2620
3	2621
211	2622
474	2623
8095	2624
86	2625
2437	2626
6893	2627
7289	2628
1888	2629
3809	2630
1353	2631
1287	2632
8446	2633
7171	2634
3227	2635
2381	2636
1800	2637
1701	2638
146	2640
7895	2641
7864	2642
1289	2643
3908	2644
3020	2645
2058	2646
358	2647
2201	2648
25	2649
6614	2650
464	2651
169	2652
5589	2653
3	2654
606	2655
1268	2656
4787	2657
1529	2658
5655	2659
2138	2660
481	2661
5419	2662
7174	2663
25	2664
3176	2665
4926	2666
5569	2667
7837	2668
6392	2669
33	2670
6871	2671
1116	2672
6536	2673
6892	2674
7775	2675
2972	2676
7636	2677
163	2678
1749	2679
188	2680
7334	2681
8098	2682
201	2683
6381	2684
91	2685
8041	2686
6768	2687
4629	2688
3799	2689
4060	2690
5714	2691
2946	2692
3395	2693
6212	2694
2630	2695
2428	2696
8435	2697
3739	2698
7972	2699
7882	2700
6731	2701
2251	2702
7531	2703
173	2704
5261	2705
5928	2706
3697	2707
3122	2708
7582	2709
6672	2710
7188	2711
6532	2712
6990	2713
572	2714
976	2715
331	2716
6325	2717
1316	2718
2378	2719
4275	2720
235	2721
8286	2722
1378	2723
8409	2724
1765	2725
4800	2726
5938	2727
6575	2728
8676	2729
56	2730
2878	2731
1928	2732
8	2733
556	2734
7937	2735
1107	2736
5677	2737
3378	2738
2440	2739
424	2740
2406	2741
5051	2742
2884	2743
3348	2744
8639	2745
3798	2746
7459	2747
2268	2748
2202	2749
737	2750
3369	2751
3159	2752
5968	2753
7049	2754
3967	2755
886	2756
494	2757
1927	2758
6993	2759
2293	2760
1570	2761
815	2762
5235	2763
5530	2764
1545	2765
585	2766
14	2767
5679	2768
2591	2769
6467	2770
7699	2771
1598	2772
7120	2773
184	2774
5246	2775
111	2776
6003	2777
2231	2778
1235	2779
2997	2780
4296	2781
4720	2782
88	2783
5323	2785
6350	2786
7898	2787
4454	2788
8288	2789
3864	2791
4267	2792
188	2793
227	2794
48	2795
5551	2796
457	2797
535	2798
4435	2799
4108	2800
195	2801
2323	2802
2494	2803
350	2804
6520	2805
8283	2806
6297	2807
3117	2808
1099	2809
6611	2810
7288	2811
1039	2812
2933	2813
87	2814
51	2815
4459	2816
7065	2817
1275	2818
2524	2819
3782	2820
8164	2821
5108	2822
383	2823
7039	2824
3863	2825
4015	2826
8053	2827
4007	2828
1071	2829
1144	2830
1616	2831
2127	2832
32	2833
129	2834
5896	2835
541	2836
6795	2837
4954	2838
5091	2839
3	2840
7127	2841
5567	2842
1716	2843
8013	2844
7214	2845
8084	2846
5005	2847
8488	2848
7512	2849
5433	2850
2089	2851
5318	2852
739	2853
7958	2854
8117	2855
6104	2856
3859	2857
283	2858
3310	2859
5449	2860
104	2861
314	2862
5247	2863
6027	2864
5233	2865
434	2866
1592	2867
6516	2868
177	2869
89	2870
2364	2871
7089	2872
3764	2873
3071	2874
3736	2875
999	2876
292	2877
5756	2878
8121	2879
1975	2880
8334	2881
10	2882
5354	2883
2644	2884
2499	2885
1779	2886
5977	2887
8763	2888
32	2889
7074	2890
42	2891
324	2892
6619	2893
889	2894
837	2895
4182	2896
6128	2897
2618	2898
676	2899
4537	2900
3114	2901
7469	2902
5838	2903
5728	2904
6792	2905
2590	2906
6387	2907
472	2908
2557	2909
5593	2910
667	2911
2728	2912
367	2913
1104	2914
4887	2915
7	2916
1471	2917
192	2918
5026	2919
4263	2920
5813	2921
4819	2922
446	2923
7825	2924
9	2925
4304	2926
7893	2927
147	2928
3486	2929
7909	2930
5487	2931
654	2932
63	2933
2802	2934
8073	2935
3326	2936
8546	2937
3856	2938
7166	2939
5637	2940
6400	2941
972	2942
6730	2943
4203	2944
4378	2945
42	2946
4223	2947
3116	2948
7093	2949
3597	2950
4444	2951
2779	2952
523	2953
219	2954
2961	2955
514	2956
1260	2957
5816	2958
6312	2959
6266	2960
77	2961
24	2962
4171	2963
4194	2964
370	2965
1960	2966
290	2967
2562	2968
3467	2969
232	2970
2957	2971
5550	2972
6020	2973
2916	2974
2451	2975
915	2976
4338	2977
3408	2978
198	2979
5525	2980
4449	2981
501	2982
355	2983
5635	2984
1651	2985
2929	2986
3384	2987
3008	2988
4290	2989
5184	2990
1787	2991
7634	2992
3268	2993
1096	2994
3520	2995
6413	2996
1892	2997
154	2998
2405	2999
2109	3000
32	3001
3205	3002
5680	3003
2	3004
2114	3005
2797	3006
7551	3007
8458	3008
107	3009
1481	3010
6405	3011
3056	3012
431	3013
171	3014
6431	3015
7776	3016
6793	3017
3602	3018
141	3019
7413	3020
204	3021
1496	3022
4798	3023
7960	3024
8047	3025
3905	3026
144	3027
4578	3028
2071	3029
3509	3030
1242	3031
3269	3032
4695	3033
4614	3034
7710	3035
3926	3036
4498	3037
2640	3038
4381	3039
7187	3040
73	3041
497	3042
6443	3043
3506	3044
2407	3045
3902	3046
8634	3047
4655	3048
441	3049
4874	3050
8578	3051
46	3052
706	3053
8607	3054
70	3055
1893	3056
6042	3057
7663	3058
5866	3059
98	3060
1384	3061
6725	3062
649	3063
5595	3064
6895	3065
215	3066
4509	3067
4298	3068
7147	3069
5447	3070
2841	3071
8679	3072
5173	3073
664	3074
6942	3075
6953	3076
2598	3077
122	3078
4006	3079
6753	3080
2357	3081
725	3082
1862	3083
5458	3084
4350	3085
4789	3086
461	3087
8125	3088
1832	3089
4308	3090
3319	3091
2995	3092
5076	3093
4748	3094
7319	3095
5889	3096
86	3097
181	3098
6451	3099
5360	3100
1506	3101
1183	3102
6044	3103
6901	3104
246	3105
7734	3106
78	3107
8489	3108
7222	3109
4102	3110
3987	3111
6801	3112
334	3113
7724	3114
6667	3115
6539	3116
1601	3117
2654	3118
1784	3119
8	3120
25	3121
5357	3122
8358	3123
7426	3124
8304	3125
7585	3126
7807	3127
8155	3128
3941	3129
7382	3130
4774	3131
1451	3132
6380	3133
3377	3134
7974	3135
353	3136
5744	3137
6346	3138
3682	3139
3750	3140
6627	3141
230	3142
516	3143
127	3144
2472	3145
2542	3146
2236	3147
8111	3148
1251	3149
721	3150
7673	3151
5628	3152
6706	3153
2008	3154
8693	3155
6484	3156
1978	3157
3910	3158
982	3159
1643	3160
7024	3161
5131	3162
560	3163
7017	3164
906	3165
1640	3166
845	3167
2338	3168
4144	3169
350	3170
2335	3171
1334	3172
7254	3173
146	3174
480	3175
3997	3176
281	3177
309	3178
3675	3179
118	3180
2131	3181
7815	3182
6261	3183
3462	3184
5501	3185
3423	3186
382	3187
4373	3188
811	3189
2503	3190
104	3191
5430	3192
2226	3193
2864	3194
8794	3195
178	3196
8480	3197
2509	3198
1836	3199
451	3200
5803	3201
8789	3202
741	3203
6943	3204
3379	3205
199	3206
2901	3207
4960	3208
4014	3209
23	3210
8114	3211
6897	3212
3937	3213
7672	3214
4921	3215
4356	3216
3415	3217
2380	3218
95	3219
8180	3220
2546	3221
814	3222
8105	3223
8122	3224
521	3225
5364	3226
3731	3227
8367	3228
8202	3229
5252	3230
3	3231
510	3232
3681	3233
759	3234
5368	3235
4746	3236
59	3237
4339	3238
1059	3239
3805	3240
4236	3241
240	3242
3427	3243
6869	3244
47	3245
2	3246
8728	3247
5413	3248
263	3249
4653	3250
4017	3251
7396	3252
6598	3253
98	3254
6285	3255
7742	3256
8554	3257
11	3258
1704	3259
5453	3260
1141	3261
479	3262
1964	3263
7274	3264
5346	3265
6534	3266
6448	3267
5422	3268
5321	3269
8156	3270
4244	3271
342	3272
677	3273
8539	3274
7137	3275
2827	3276
724	3277
5535	3278
8377	3279
1403	3280
4659	3281
1649	3282
64	3283
137	3284
8684	3285
2782	3286
5028	3287
6441	3288
4906	3289
8305	3290
1920	3291
5930	3292
3755	3293
559	3294
6219	3295
600	3296
8071	3297
5331	3298
3388	3299
7325	3300
3568	3301
4543	3302
6956	3303
1885	3304
2198	3305
5809	3306
2266	3307
1245	3308
3447	3309
5688	3310
2815	3311
14	3312
1411	3313
1407	3314
10	3315
7950	3316
3338	3317
1	3318
7100	3319
7466	3320
8527	3321
2156	3322
445	3323
3314	3324
5107	3325
5846	3326
6331	3327
7015	3328
3167	3329
7880	3330
8240	3331
3175	3332
6995	3333
1367	3334
8430	3335
1833	3336
8064	3337
3683	3338
7397	3339
495	3340
3903	3341
2636	3342
2506	3343
7184	3344
1900	3345
26	3346
6025	3347
85	3348
7311	3349
3553	3350
239	3351
3711	3352
5478	3353
2641	3354
6567	3355
4320	3356
3275	3357
3148	3358
1731	3359
6962	3360
7705	3361
3144	3362
7831	3363
7833	3364
3370	3365
4943	3366
7797	3367
4539	3368
1498	3369
6279	3370
3680	3371
7414	3372
2393	3373
10	3374
4254	3375
6497	3376
7690	3377
6245	3378
8510	3379
3911	3380
5643	3381
911	3382
8158	3383
8384	3384
7598	3385
2839	3386
3372	3387
6067	3388
2667	3389
2155	3390
2520	3391
1635	3392
7785	3393
470	3394
7908	3395
3163	3396
2842	3397
273	3398
3895	3399
3098	3400
3790	3401
384	3402
1773	3403
1541	3404
6453	3405
13	3406
5586	3407
57	3408
1210	3409
1017	3410
634	3411
2480	3412
8742	3413
7721	3414
365	3415
2222	3416
7060	3417
257	3418
7178	3419
4395	3420
7464	3421
8413	3422
7810	3423
4148	3424
3721	3425
1237	3426
170	3427
201	3428
3312	3429
1956	3430
3644	3431
2626	3432
8717	3433
304	3434
5002	3435
6439	3436
1322	3437
5089	3438
4948	3439
2881	3440
296	3441
3744	3442
1400	3443
8681	3444
85	3445
3828	3446
1436	3447
1977	3448
7028	3449
7578	3450
136	3451
2874	3452
6649	3453
4568	3454
1968	3455
3102	3456
39	3457
1781	3458
8033	3459
1387	3460
1335	3461
3815	3462
7498	3463
96	3464
1283	3465
2566	3466
132	3467
3050	3468
6865	3469
3618	3470
2045	3471
8593	3472
1678	3473
7929	3474
4826	3475
3513	3476
538	3477
6720	3478
7090	3479
104	3480
4647	3481
5906	3482
5428	3483
2941	3484
2950	3485
8198	3486
3558	3487
7040	3488
3000	3489
823	3490
7158	3491
1327	3492
344	3493
904	3494
4424	3495
156	3496
2015	3497
40	3498
3946	3499
6580	3500
94	3501
1054	3502
6471	3503
5229	3504
6681	3505
3235	3506
6883	3507
3448	3508
624	3509
4001	3510
1066	3511
5486	3512
4529	3513
7637	3514
4717	3515
803	3516
3827	3517
3862	3518
6196	3519
7377	3520
5067	3521
63	3522
405	3523
1160	3524
4191	3525
689	3526
4386	3527
1658	3528
1344	3529
707	3530
1866	3531
6394	3532
2783	3533
8631	3534
5722	3535
4000	3536
4837	3537
1609	3538
37	3539
93	3540
6968	3541
8417	3542
1010	3543
4620	3544
8247	3545
4877	3546
5030	3547
3072	3548
6524	3549
70	3550
1446	3551
6449	3552
4976	3553
2148	3554
6022	3555
6938	3556
1486	3557
7125	3558
1461	3559
7155	3560
2256	3561
5189	3562
604	3563
7221	3564
3253	3565
6157	3566
5333	3567
6590	3568
2260	3569
217	3570
4822	3571
2543	3572
4663	3573
2257	3574
16	3575
4240	3576
70	3577
3745	3578
7	3579
6473	3580
1416	3581
7687	3582
7930	3583
7589	3584
6021	3585
2759	3586
80	3587
7149	3588
908	3589
2804	3590
6055	3591
3346	3592
2903	3593
4079	3594
3047	3595
7622	3596
3083	3597
3138	3598
3578	3599
713	3600
4988	3601
8293	3602
228	3603
580	3604
8661	3605
2028	3606
5441	3607
124	3608
6444	3609
2579	3610
5858	3611
2116	3612
522	3614
34	3615
3516	3616
8513	3617
4554	3618
7182	3619
7539	3620
8515	3621
5340	3622
2664	3623
6734	3624
1821	3625
5683	3626
3473	3627
48	3628
2174	3629
555	3630
5133	3631
8439	3632
2012	3633
1440	3634
1578	3635
6561	3636
4234	3637
2855	3638
6973	3639
6746	3640
6502	3641
5929	3642
4896	3643
7614	3644
45	3645
1868	3646
5647	3647
427	3648
8498	3649
3216	3650
3126	3651
6478	3652
1056	3653
5015	3654
14	3655
8624	3656
3713	3657
632	3658
6148	3659
4115	3660
7111	3661
2620	3662
8126	3663
7550	3664
3108	3665
4225	3666
6689	3667
775	3668
59	3669
2086	3670
5045	3671
124	3672
354	3673
5544	3674
2968	3675
1057	3676
111	3677
1814	3678
7596	3679
6301	3680
87	3681
515	3682
1062	3683
6375	3684
307	3685
8543	3686
6773	3687
7227	3688
5277	3689
8311	3690
2240	3691
7389	3692
6001	3693
4980	3694
4123	3695
6565	3696
7212	3697
4284	3698
1775	3699
7709	3700
44	3701
84	3702
3648	3703
2522	3704
847	3705
5604	3706
3851	3707
2447	3708
4063	3709
863	3710
5613	3711
6628	3712
3463	3713
325	3714
3004	3715
4946	3716
2271	3717
8467	3718
5901	3719
1813	3720
723	3721
2993	3722
8626	3723
4149	3724
8368	3725
1028	3726
6889	3727
333	3728
1585	3729
3666	3730
453	3731
6200	3732
4029	3733
1981	3734
1303	3735
524	3736
8120	3737
402	3738
4329	3739
4277	3740
1346	3741
2462	3742
508	3743
5074	3744
3109	3745
7676	3746
3716	3747
6480	3748
5642	3749
7535	3750
153	3751
4417	3752
6840	3753
1691	3754
74	3755
3918	3756
196	3757
876	3759
4077	3760
81	3761
1682	3762
2990	3763
1805	3764
1714	3765
1729	3766
3586	3767
5146	3768
5549	3769
1788	3770
7480	3771
8535	3772
4166	3773
6719	3774
959	3775
4790	3776
5980	3777
5128	3778
5361	3779
164	3780
7216	3781
288	3782
5681	3783
8655	3784
14	3785
3362	3786
2072	3787
62	3788
7918	3789
7668	3790
1722	3791
3654	3792
8695	3793
7177	3794
2095	3795
5738	3796
4301	3797
338	3798
5608	3799
8191	3800
2799	3801
3	3802
2349	3803
1597	3804
8313	3805
2096	3807
1905	3808
3397	3809
2798	3810
8123	3811
3776	3812
529	3813
5911	3814
3758	3815
2498	3816
7005	3817
4170	3818
7495	3819
2166	3820
5451	3821
6872	3822
1606	3823
1518	3824
6600	3825
853	3826
7651	3827
7029	3828
2042	3829
1279	3830
2410	3831
4477	3832
703	3833
502	3834
5555	3835
317	3836
22	3837
2561	3838
761	3839
7465	3840
7022	3841
6609	3842
4986	3843
4662	3844
3347	3845
755	3846
1452	3847
3709	3848
2	3849
3257	3850
5854	3851
3298	3852
2255	3853
8351	3854
143	3855
858	3856
1270	3857
2570	3858
3014	3859
7506	3860
2513	3861
2621	3862
15	3863
4	3864
8015	3865
3237	3866
3085	3867
5708	3868
2753	3869
6	3870
3025	3871
54	3872
1882	3873
420	3874
5734	3875
5533	3876
267	3877
3729	3878
239	3879
171	3880
305	3881
6920	3882
2922	3883
4142	3884
7783	3885
1399	3886
455	3887
6216	3888
335	3889
3687	3890
6187	3891
5401	3892
7403	3893
3996	3894
3103	3895
7644	3896
805	3897
8596	3898
5794	3899
8088	3900
7201	3901
1766	3902
5735	3903
8178	3904
8	3905
6605	3906
935	3907
7524	3908
8486	3909
2080	3910
6173	3911
783	3912
2	3913
4157	3914
2001	3915
566	3916
8265	3917
8547	3918
2416	3919
5	3920
4975	3921
7431	3922
7629	3923
2577	3924
3151	3925
2318	3926
141	3927
4399	3928
1764	3929
8657	3930
2179	3931
4145	3932
7740	3933
173	3934
1034	3935
6220	3936
8649	3937
131	3938
579	3939
100	3940
7645	3941
4096	3942
2412	3943
7267	3944
4438	3945
76	3946
8173	3947
49	3948
463	3949
6904	3950
3018	3951
3202	3952
3640	3953
3917	3954
2230	3955
6780	3956
4930	3957
2731	3958
1154	3959
5602	3960
2574	3961
121	3962
4169	3963
39	3964
8570	3965
4907	3966
52	3967
3963	3968
2849	3969
1948	3970
1683	3971
1608	3972
57	3973
4355	3974
6455	3975
8371	3976
215	3977
5837	3978
194	3979
3780	3980
2192	3981
7152	3982
38	3983
5259	3984
5256	3985
3616	3986
7386	3987
8339	3988
8736	3989
143	3990
8630	3991
5978	3992
8354	3993
55	3994
1567	3995
2044	3996
1778	3997
2691	3998
404	3999
6470	4000
5234	4001
5142	4002
3187	4003
2700	4004
2369	4005
3777	4006
6271	4007
7966	4008
6824	4009
6914	4010
4675	4011
7066	4012
5620	4013
103	4014
281	4015
2599	4016
6748	4017
4009	4018
358	4019
218	4020
4827	4021
5299	4022
5226	4023
6276	4024
10	4025
813	4026
7850	4027
8398	4028
8119	4029
1971	4030
6466	4031
5000	4032
3876	4033
6113	4034
8520	4035
43	4036
6636	4037
2228	4038
3535	4039
8168	4040
5258	4041
7533	4042
7375	4043
612	4044
7494	4045
7303	4046
2534	4047
135	4048
6929	4049
7873	4050
103	4051
892	4052
3143	4053
5741	4054
4491	4055
6090	4056
7897	4057
2453	4058
5003	4059
3474	4060
1641	4061
6233	4062
4334	4063
457	4064
4336	4065
734	4066
7940	4067
3111	4068
9	4069
1848	4070
3849	4071
3252	4072
4354	4073
7881	4074
6924	4075
3813	4076
2265	4077
7450	4078
8309	4079
4574	4080
7051	4081
3491	4082
300	4083
6446	4084
6253	4085
3536	4086
7358	4087
8086	4088
6145	4089
3530	4090
5634	4091
6618	4092
425	4093
6476	4094
6660	4095
2930	4096
1718	4097
8755	4098
2617	4099
3001	4100
4639	4101
408	4102
7726	4103
5141	4104
1661	4105
5943	4106
5751	4107
3841	4108
1285	4109
844	4110
8003	4111
209	4112
2863	4113
8611	4114
6894	4115
2252	4116
2892	4117
2835	4118
470	4119
7032	4120
917	4121
240	4122
8310	4123
6747	4124
7003	4125
2662	4126
153	4127
593	4128
6597	4129
4958	4130
4729	4131
8302	4132
16	4133
2060	4134
5925	4135
8189	4136
459	4137
5885	4138
4392	4139
5624	4140
7752	4141
3217	4142
58	4143
3295	4144
5585	4145
151	4146
929	4147
4348	4148
2294	4149
4845	4150
2307	4151
5584	4152
1467	4153
6176	4154
2184	4155
2162	4156
1354	4157
5981	4158
444	4159
7818	4160
3146	4161
6996	4162
5389	4163
5263	4164
8505	4165
3290	4166
2601	4167
1	4168
2786	4169
5507	4170
483	4171
5748	4172
4640	4173
7218	4174
3860	4175
3858	4176
4563	4177
5407	4178
475	4179
8030	4180
7977	4181
3174	4182
8204	4183
12	4184
1735	4185
311	4186
1574	4187
4039	4188
517	4189
82	4190
6152	4191
2214	4192
977	4193
558	4194
6798	4195
6979	4196
6188	4197
3300	4198
5571	4199
8675	4200
8008	4201
4566	4202
8224	4203
27	4204
5308	4205
8791	4206
486	4207
7083	4208
2784	4209
3931	4210
518	4211
45	4212
8056	4213
342	4214
5921	4215
76	4216
126	4217
518	4218
4920	4219
5461	4220
6987	4221
5505	4222
5874	4223
4634	4224
6461	4225
3259	4226
875	4227
7094	4228
4817	4229
4390	4230
1300	4231
320	4232
3051	4233
161	4234
2726	4235
1439	4236
7328	4237
6004	4238
35	4239
46	4240
7689	4241
6647	4242
5907	4243
7169	4244
1667	4245
740	4246
1052	4247
7164	4248
4226	4249
4343	4250
8437	4251
12	4252
8401	4253
270	4254
61	4255
79	4256
1762	4257
316	4258
5228	4259
8781	4260
4697	4261
6	4262
8698	4263
186	4264
404	4265
4003	4266
4998	4267
128	4268
8268	4269
8743	4270
3868	4271
2492	4272
54	4273
5499	4274
7646	4275
6959	4276
129	4277
6124	4278
5989	4279
6854	4280
4592	4281
6573	4282
256	4283
5779	4284
3662	4285
6147	4286
8248	4287
6754	4288
7372	4289
1296	4290
7939	4291
7847	4292
1441	4293
766	4294
3270	4295
4522	4296
5298	4297
6281	4298
6012	4299
1861	4300
2760	4301
4432	4302
1994	4303
3534	4304
8051	4305
4031	4306
6223	4307
4033	4308
6041	4309
4162	4310
5782	4311
2227	4312
4070	4313
7071	4314
5123	4315
6724	4316
6218	4317
2736	4318
3477	4319
8414	4320
8177	4321
1995	4322
4613	4323
2977	4324
842	4325
3762	4326
6723	4327
7270	4328
261	4329
2602	4330
5709	4331
5066	4332
237	4333
530	4334
6395	4335
2791	4336
7045	4337
1654	4338
2197	4339
7448	4340
6411	4341
8470	4342
7482	4343
101	4344
53	4345
61	4346
6038	4347
4512	4348
6568	4349
7129	4350
4909	4351
8506	4352
6144	4353
5311	4354
4895	4355
8595	4356
103	4357
67	4358
6308	4359
8638	4360
6417	4361
1580	4362
109	4363
764	4364
655	4365
460	4366
7745	4367
1903	4368
56	4369
835	4370
7092	4371
8074	4372
1618	4373
5175	4374
1555	4375
7576	4376
3153	4377
7202	4378
341	4379
2046	4380
7688	4381
6416	4382
647	4383
1041	4384
4917	4385
7840	4386
3985	4387
50	4388
1365	4389
5527	4390
5093	4391
2269	4392
2559	4393
7756	4394
6482	4395
6204	4396
7528	4397
5775	4398
4873	4399
5636	4400
4037	4401
1812	4402
7580	4403
4802	4404
2317	4405
956	4406
8315	4407
500	4408
5671	4409
5768	4410
8692	4411
1758	4412
720	4413
1500	4414
3606	4415
5073	4416
5024	4417
2899	4418
4	4419
328	4420
4193	4421
6690	4422
7483	4423
2527	4424
31	4425
2611	4426
6193	4427
1191	4428
6367	4429
1659	4430
5383	4431
7421	4432
7401	4433
3156	4434
451	4435
2814	4436
7341	4437
6743	4438
3339	4439
8171	4440
3272	4441
6691	4442
2319	4443
5786	4444
8604	4445
2299	4446
8727	4447
416	4448
8083	4449
6213	4450
6837	4451
6928	4452
5905	4453
1907	4454
2134	4455
6622	4456
3760	4457
4712	4458
6954	4459
6992	4460
8737	4461
6305	4462
13	4463
1556	4464
5027	4465
2023	4466
4681	4467
8281	4468
4281	4469
5260	4470
7185	4471
6270	4472
259	4473
4042	4474
4957	4475
1201	4476
3469	4477
7597	4478
6362	4479
3893	4480
8308	4481
69	4482
6557	4483
3129	4484
40	4485
3694	4486
5250	4487
6	4488
5053	4489
7523	4490
304	4491
60	4492
4898	4493
6642	4494
3890	4495
34	4496
330	4497
8571	4498
456	4499
7085	4500
1372	4501
1854	4502
3839	4503
6371	4504
8152	4505
7047	4506
1652	4507
8668	4508
6760	4509
152	4510
164	4511
24	4512
750	4513
23	4514
8707	4515
17	4516
4490	4517
1631	4518
1666	4519
1445	4520
8161	4521
1547	4522
2707	4523
256	4524
1987	4525
957	4526
2846	4527
3923	4528
5969	4529
5493	4530
3068	4531
8344	4532
3425	4533
1521	4534
4371	4535
296	4536
6890	4537
3255	4538
4722	4539
327	4540
1883	4541
33	4542
6831	4543
2413	4544
5590	4545
95	4546
7436	4547
4528	4548
4484	4549
5954	4550
6843	4551
19	4552
6426	4553
1314	4554
2464	4555
6419	4556
1162	4557
5538	4558
5375	4559
5414	4560
6102	4561
2730	4562
7558	4563
6171	4564
4272	4565
250	4566
617	4567
6146	4568
10	4569
3650	4570
154	4571
93	4572
5693	4573
3761	4574
4650	4575
3830	4576
2615	4577
2	4578
5669	4579
5356	4580
5315	4581
1332	4582
2932	4583
1449	4584
5122	4585
2099	4586
5	4587
2706	4588
216	4589
2936	4590
4768	4591
7241	4592
4564	4593
2159	4594
8	4595
4201	4596
1129	4597
47	4598
3881	4599
1923	4600
4026	4601
7333	4602
1950	4603
8182	4604
506	4605
8701	4606
2552	4607
159	4608
5811	4609
18	4610
1958	4611
7581	4612
1584	4613
395	4614
3089	4615
4217	4616
2948	4617
9	4618
360	4619
6757	4620
7238	4621
6272	4622
1717	4623
3808	4624
700	4625
6409	4626
2748	4627
210	4628
6045	4629
2207	4630
7419	4631
4583	4632
5094	4633
1844	4634
1849	4635
5467	4636
5912	4637
2106	4638
7194	4639
7205	4640
4040	4641
4259	4642
106	4643
789	4644
8587	4645
4846	4646
4557	4647
236	4648
173	4649
2306	4650
8096	4651
5715	4652
1894	4653
15	4654
3646	4655
8482	4656
439	4657
5531	4658
6728	4659
3418	4660
6370	4661
598	4662
1248	4663
3655	4664
3182	4665
6763	4666
133	4667
67	4668
4997	4669
2924	4670
2445	4671
3693	4672
8136	4673
8416	4674
8127	4675
2651	4676
6646	4677
4367	4678
7976	4679
6546	4680
7260	4681
6080	4682
107	4683
8499	4684
7736	4685
7723	4686
7472	4687
8059	4688
8362	4689
1561	4690
45	4691
3352	4692
6295	4693
2180	4694
3475	4695
2732	4696
7569	4697
1320	4698
1175	4699
6376	4700
8267	4701
6594	4702
6398	4703
6946	4704
4499	4705
4351	4706
333	4707
8042	4708
111	4709
6541	4710
7061	4711
2	4712
454	4713
323	4714
4183	4715
4124	4716
6163	4717
4757	4718
4966	4719
6592	4720
5153	4721
2133	4722
3292	4723
880	4724
1826	4725
5498	4726
185	4727
693	4728
3256	4729
7532	4730
468	4731
6633	4732
1317	4733
6248	4734
5085	4735
4068	4736
4020	4737
2088	4738
7230	4739
7313	4740
1851	4741
4453	4742
7099	4743
3665	4744
4500	4745
8299	4746
6189	4747
5579	4748
47	4749
344	4750
1115	4751
7849	4752
2469	4753
2848	4754
5	4755
5497	4756
346	4757
8068	4758
1571	4759
2866	4760
4682	4761
3818	4762
2478	4763
6081	4764
418	4765
44	4766
8040	4767
3073	4768
1184	4769
8456	4770
2019	4771
8618	4772
1562	4773
4365	4774
717	4776
2108	4777
1456	4778
5170	4779
3461	4781
7259	4782
3689	4783
1912	4784
5702	4785
382	4786
3496	4787
2057	4788
2320	4789
8141	4790
1186	4791
5116	4792
5289	4793
7758	4794
2361	4795
6821	4796
3784	4797
3835	4798
2409	4799
6553	4800
7684	4801
6299	4802
4062	4803
4864	4804
3481	4805
2708	4806
5485	4807
2583	4808
99	4809
3915	4810
5236	4811
6783	4812
5919	4813
5232	4814
4471	4815
5690	4816
8199	4817
3984	4818
4106	4819
4078	4820
5984	4821
657	4822
4667	4823
674	4824
1850	4825
3092	4826
658	4827
953	4828
7946	4829
8750	4830
6984	4831
2029	4832
4616	4833
4598	4834
391	4835
6841	4836
7743	4837
4792	4838
8213	4839
3297	4840
2806	4841
119	4842
5183	4843
4929	4844
61	4845
1222	4846
6902	4847
96	4848
132	4849
4190	4850
7998	4851
680	4852
3082	4853
3185	4854
4643	4855
7503	4856
7076	4857
6006	4858
1	4859
2893	4860
2105	4861
8376	4862
3361	4863
2765	4864
8080	4865
2205	4866
211	4867
3243	4868
3048	4869
1484	4870
806	4871
7173	4872
4488	4873
4893	4874
4886	4875
4536	4876
2894	4877
3226	4878
5502	4879
5974	4880
8259	4881
6079	4882
4953	4883
331	4884
12	4885
8663	4886
3751	4887
8669	4888
3149	4889
3134	4890
7257	4891
7612	4892
8617	4893
2041	4894
1872	4895
5564	4896
1843	4897
5884	4898
669	4899
8128	4900
3238	4901
8232	4902
8589	4903
1	4904
5857	4905
8730	4906
8044	4907
8329	4908
7862	4909
2918	4910
3874	4911
7784	4912
3882	4913
2139	4914
4780	4915
6110	4916
5328	4917
1070	4918
5691	4919
13	4920
7381	4921
7461	4922
5754	4923
65	4924
41	4925
3368	4926
5468	4927
5975	4928
28	4929
3543	4930
5330	4931
6086	4932
8600	4933
62	4934
7838	4935
4589	4936
6551	4937
3598	4938
3076	4939
4211	4940
180	4941
8319	4942
5951	4943
4525	4944
8057	4945
2969	4946
1105	4947
3492	4948
120	4949
7013	4950
22	4951
2523	4952
8612	4953
8363	4954
3846	4955
7385	4956
3679	4957
6503	4958
134	4959
2143	4960
3247	4961
4258	4962
8014	4963
218	4964
3980	4965
7715	4966
1084	4967
8381	4968
1841	4969
437	4970
398	4971
2219	4972
5737	4973
8765	4974
7365	4975
3540	4976
2048	4977
5157	4978
2025	4979
3875	4980
2018	4981
4091	4982
2937	4983
7520	4984
5	4985
8021	4986
5416	4987
7795	4988
3991	4989
202	4990
1412	4991
7845	4992
4429	4993
1	4994
2384	4995
1528	4996
2628	4997
584	4998
1386	4999
5798	5000
4283	5001
5836	5002
3672	5003
4713	5004
3855	5005
1898	5006
6749	5007
261	5008
4408	5009
3896	5010
1611	5011
6879	5012
7016	5013
7594	5014
3685	5015
7945	5016
1343	5017
7463	5018
8297	5019
6896	5020
2991	5021
2859	5022
33	5023
38	5024
3337	5025
512	5026
5355	5027
6141	5028
2603	5029
303	5030
329	5031
18	5032
6	5033
2712	5034
10	5035
478	5036
7451	5037
1922	5038
934	5039
7999	5040
8710	5041
1351	5042
3511	5043
7373	5044
4699	5045
1819	5046
4973	5047
7486	5048
5020	5049
1142	5050
4548	5051
1591	5052
2756	5053
110	5054
5553	5055
4197	5056
463	5057
1077	5058
5373	5059
3608	5060
4021	5061
7625	5062
2013	5063
2493	5064
3452	5065
5484	5066
5521	5067
6179	5068
1136	5069
1468	5070
3719	5071
2987	5072
2282	5073
172	5074
7470	5075
2339	5076
5286	5077
2514	5078
2388	5079
8135	5080
2441	5081
4611	5082
7654	5083
31	5084
5050	5085
3573	5086
7779	5087
7757	5088
7119	5089
1966	5090
8147	5091
7180	5092
3003	5093
2529	5095
3405	5096
126	5097
3802	5098
7399	5099
4160	5100
41	5101
8528	5102
10	5103
4628	5104
376	5105
6566	5106
7338	5107
475	5108
3562	5109
2536	5110
7352	5111
1512	5112
2816	5113
67	5114
7355	5115
3656	5116
6666	5117
6842	5118
6026	5119
6421	5120
7115	5121
1	5122
4126	5123
2998	5124
2777	5125
8269	5126
2606	5127
1769	5128
6603	5129
4231	5130
53	5131
24	5132
422	5133
4693	5134
1803	5135
4425	5136
2696	5137
3749	5138
5774	5139
3642	5140
1369	5141
428	5142
7112	5143
319	5144
3958	5145
4246	5146
7712	5147
44	5148
6062	5149
833	5150
1385	5151
708	5152
2030	5153
6657	5154
3110	5155
326	5156
4038	5157
7249	5158
175	5159
3735	5160
4071	5161
4479	5162
5283	5163
4227	5164
4832	5165
7624	5166
1305	5167
2242	5168
37	5169
197	5170
7219	5171
1791	5172
8478	5173
6722	5174
5254	5175
4380	5176
1432	5177
3928	5178
3086	5179
590	5180
4855	5181
487	5182
290	5183
5457	5184
4904	5185
8252	5186
8454	5187
7772	5188
1899	5189
7899	5190
4615	5191
6310	5192
283	5193
6161	5194
420	5195
594	5196
1963	5197
1939	5198
6577	5199
5894	5200
401	5201
6333	5202
7809	5203
36	5204
414	5205
4287	5206
305	5207
771	5208
405	5209
3262	5210
6226	5211
3738	5212
4192	5213
6051	5214
275	5215
199	5216
4741	5217
5249	5218
3838	5219
1429	5220
6800	5221
2262	5222
8434	5223
8466	5224
5931	5225
1515	5226
5863	5227
3772	5228
7701	5229
26	5230
3873	5231
5251	5232
5496	5233
3199	5234
2909	5235
3542	5236
3485	5237
3303	5238
4860	5239
809	5240
8243	5241
5343	5242
8129	5243
1929	5244
2125	5245
42	5246
5316	5247
8469	5248
6827	5249
5349	5250
7854	5251
4553	5252
794	5253
6919	5254
2571	5255
32	5256
4230	5257
3741	5258
287	5259
8503	5260
6939	5261
8378	5262
6692	5263
849	5264
7693	5265
4599	5266
5369	5267
8017	5268
1485	5269
135	5270
7304	5271
513	5272
32	5273
6923	5274
1259	5275
1148	5276
1737	5277
2931	5278
7934	5279
52	5280
412	5281
8551	5282
2678	5283
7832	5284
3325	5285
2852	5286
2356	5287
7872	5288
2102	5289
4972	5290
1418	5291
5272	5292
359	5293
148	5294
1990	5295
5273	5296
1517	5297
7964	5298
1174	5299
8258	5300
3123	5301
4359	5302
473	5303
7392	5304
8724	5305
2810	5306
5035	5307
7415	5308
208	5309
6637	5310
4652	5311
4756	5312
459	5313
1131	5314
205	5315
7301	5316
2	5317
4924	5318
7273	5319
210	5320
2235	5321
3285	5322
432	5323
7556	5324
903	5325
174	5326
6238	5327
5875	5328
8748	5329
3840	5330
2926	5331
7473	5332
6846	5333
2204	5334
498	5335
7438	5336
2457	5337
7884	5338
6501	5339
4626	5340
3622	5341
31	5342
4121	5343
206	5344
223	5345
60	5346
5843	5347
553	5348
2021	5349
66	5350
8270	5351
1558	5352
1626	5353
8447	5354
5718	5355
80	5356
278	5357
660	5358
2530	5359
1146	5360
5916	5361
3929	5362
6961	5363
4173	5364
218	5365
272	5366
3353	5367
3850	5368
7193	5369
3865	5370
6191	5371
3692	5372
442	5373
8792	5374
6688	5375
1670	5376
1225	5377
5888	5378
7720	5379
1297	5380
3781	5381
3206	5382
4	5383
2828	5384
2328	5385
2360	5386
1044	5387
4834	5388
810	5389
5578	5390
1058	5391
6899	5392
1032	5393
1532	5394
4503	5395
5245	5396
6511	5397
8116	5398
7440	5399
3575	5400
6211	5401
7917	5402
8316	5403
7777	5404
1600	5405
2871	5406
3449	5407
6656	5408
234	5409
205	5410
5156	5411
2238	5412
60	5413
5023	5414
8257	5415
6015	5416
6184	5417
4002	5418
5452	5419
410	5420
381	5421
195	5422
7404	5423
438	5424
6794	5425
2241	5426
148	5427
8746	5428
279	5429
7095	5430
6120	5431
6769	5432
8099	5433
1036	5434
8706	5435
1637	5436
79	5437
155	5438
3166	5439
2006	5440
1663	5441
5216	5442
5274	5443
2821	5444
4382	5445
629	5446
40	5447
7584	5448
912	5449
7	5450
4656	5451
1989	5452
4154	5453
2160	5454
5082	5455
7287	5456
37	5457
7942	5458
5582	5459
6809	5460
8572	5461
7870	5462
165	5463
3318	5464
6435	5465
7097	5466
6766	5467
552	5468
3327	5469
7229	5470
952	5471
6465	5472
6106	5473
8048	5474
1095	5475
168	5476
2237	5477
4016	5478
2258	5479
7853	5480
89	5481
8079	5482
25	5483
6874	5484
2403	5485
840	5486
5908	5487
6664	5488
8005	5489
820	5490
2780	5491
2298	5492
345	5493
2152	5494
3428	5495
176	5496
464	5497
1149	5498
5192	5499
8227	5500
4703	5502
3432	5503
2181	5504
3972	5505
8150	5506
7269	5507
7792	5508
5891	5509
3390	5510
7746	5511
6230	5512
1771	5513
5472	5514
493	5515
7027	5516
3626	5517
772	5518
1553	5519
2337	5520
8423	5521
528	5522
2117	5523
1075	5524
2142	5525
1942	5526
7371	5527
26	5528
5466	5529
8773	5530
914	5531
8497	5532
1985	5533
4515	5534
769	5535
6454	5536
12	5537
3145	5538
4101	5539
4262	5540
6694	5541
2316	5542
4344	5543
3313	5544
2600	5545
6009	5546
324	5547
4233	5548
5344	5549
2867	5550
206	5551
7563	5552
2379	5553
284	5554
3150	5555
7154	5556
6251	5557
57	5558
7087	5559
6707	5560
4143	5561
25	5562
7427	5563
6912	5564
3280	5565
6492	5566
7611	5567
7681	5568
2907	5569
2824	5570
1668	5571
3081	5572
8087	5573
4055	5574
2670	5575
4911	5576
4550	5577
1087	5578
116	5579
6232	5580
4362	5581
4321	5582
217	5583
43	5584
5071	5585
3458	5586
3786	5587
2097	5588
3951	5589
7031	5590
4161	5591
8751	5592
92	5593
2270	5594
6257	5595
3853	5596
6307	5597
3066	5598
7339	5599
3386	5600
2861	5601
5454	5602
4706	5603
2278	5604
505	5605
1972	5606
3677	5607
7114	5608
1427	5609
39	5610
7814	5611
4431	5612
1	5613
467	5614
5434	5615
5979	5616
5850	5617
2075	5618
5279	5619
4081	5620
419	5621
8167	5622
1233	5623
7507	5624
3414	5625
337	5626
39	5627
758	5628
2744	5629
2223	5630
3271	5631
28	5632
7441	5633
7198	5634
3952	5635
8603	5636
6169	5637
2751	5638
3885	5639
63	5640
255	5641
5104	5642
6583	5643
8651	5644
8060	5645
117	5646
64	5647
2145	5648
6309	5649
362	5650
22	5651
6258	5652
6880	5653
6231	5654
3330	5655
182	5656
6638	5657
2755	5658
8590	5659
2960	5660
2264	5661
455	5662
800	5663
6097	5664
7565	5665
6876	5666
5758	5667
4352	5668
6960	5669
6	5670
3767	5671
4840	5672
7062	5673
5870	5674
4910	5675
62	5676
27	5677
4294	5678
273	5679
5678	5680
7266	5681
1151	5682
3472	5683
7351	5684
3172	5685
2674	5686
413	5687
4535	5688
5862	5689
2764	5690
5511	5691
23	5692
2322	5693
4489	5694
297	5695
8523	5696
66	5697
4442	5698
6634	5699
142	5700
8739	5701
7398	5702
7203	5703
7623	5704
224	5705
47	5706
5523	5707
5105	5708
435	5709
768	5710
7886	5711
8325	5712
2383	5713
8396	5714
3061	5715
7073	5716
5325	5717
1424	5718
5058	5719
937	5720
1934	5721
115	5722
8785	5723
471	5724
38	5725
4888	5726
2002	5727
644	5728
2	5729
5617	5730
4497	5731
8285	5732
4074	5733
2891	5734
567	5735
476	5736
3220	5737
3641	5738
4486	5739
1349	5740
7295	5741
7855	5742
1936	5743
253	5744
224	5745
118	5746
6197	5747
1760	5748
5753	5749
1219	5750
7839	5751
5443	5752
203	5753
4219	5754
396	5755
4812	5756
4991	5757
149	5758
8712	5759
319	5760
79	5761
8677	5762
5558	5763
6641	5764
19	5765
1937	5766
3969	5767
1926	5768
5143	5769
8330	5770
8294	5771
3564	5772
2135	5773
6554	5774
4677	5775
6037	5776
8583	5777
1559	5778
3572	5779
675	5780
607	5781
1178	5782
4737	5783
2541	5784
5	5785
400	5786
425	5787
4179	5788
3555	5789
69	5790
2743	5791
6582	5792
7004	5793
848	5794
7823	5795
2191	5796
5665	5797
3609	5798
8007	5799
626	5800
426	5801
4519	5802
4688	5803
3032	5804
4941	5805
408	5806
2077	5807
4923	5808
6742	5809
2754	5810
7239	5811
3843	5812
3971	5813
2714	5814
106	5815
7695	5816
1914	5817
6772	5818
4607	5819
3011	5820
1710	5821
6764	5822
963	5823
4558	5824
4099	5825
1475	5826
3670	5827
78	5828
2817	5829
6472	5830
111	5831
8400	5832
5631	5833
6726	5834
6351	5835
3284	5836
7591	5837
8714	5838
6359	5839
1940	5840
115	5841
2454	5842
462	5843
1697	5844
5317	5845
8172	5846
6716	5847
8411	5848
3343	5849
5152	5850
12	5851
5645	5852
6886	5853
7774	5854
8771	5855
8163	5856
1519	5857
8046	5858
5612	5859
29	5860
2686	5861
6011	5862
4180	5863
1001	5864
637	5865
181	5866
1957	5867
4514	5868
625	5869
6298	5870
6838	5871
3637	5872
8062	5873
5914	5874
503	5875
1357	5876
7	5877
428	5878
34	5879
1352	5880
8696	5881
7920	5882
8144	5883
5119	5884
5112	5885
1413	5886
208	5887
3944	5888
2582	5889
8195	5890
4460	5891
443	5892
7628	5893
15	5894
2024	5895
3354	5896
8678	5897
8615	5898
796	5899
6336	5900
1253	5901
1355	5902
7842	5903
7460	5904
3139	5905
8280	5906
6136	5907
5601	5908
7729	5909
1501	5910
6850	5911
514	5912
3891	5913
3137	5914
3559	5915
6695	5916
8542	5917
2476	5918
482	5919
49	5920
3898	5921
2722	5922
439	5923
6137	5924
2301	5925
5704	5926
5847	5927
6514	5928
2239	5929
6215	5930
8065	5931
4944	5932
8573	5933
943	5934
3507	5935
1634	5936
8797	5937
15	5938
3964	5939
308	5940
3420	5941
1409	5942
2076	5943
117	5944
790	5945
1419	5946
7902	5947
5	5948
182	5949
2837	5950
5191	5951
1489	5952
727	5953
2677	5954
4379	5955
5623	5956
2951	5957
21	5958
1433	5959
465	5960
7056	5961
565	5962
2074	5963
3246	5964
2079	5965
8462	5966
1993	5967
6599	5968
3039	5969
1223	5970
6082	5971
1064	5972
2713	5973
7359	5974
77	5975
2313	5976
3591	5977
3113	5978
7136	5979
1109	5980
181	5981
2558	5982
149	5983
8190	5984
8644	5985
2746	5986
301	5987
5088	5988
578	5989
5164	5990
1588	5991
6243	5992
2665	5993
939	5994
3478	5995
5950	5996
3027	5997
166	5998
1930	5999
2153	6000
1662	6001
1838	6002
6259	6003
6300	6004
19	6005
3629	6006
4580	6007
4135	6008
168	6009
2	6010
8694	6011
6496	6012
3090	6013
6349	6014
76	6015
1321	6016
528	6017
426	6018
2515	6019
7	6020
681	6021
7402	6022
3459	6023
6606	6024
696	6025
7731	6026
2297	6027
136	6028
1613	6029
8137	6030
6054	6031
6217	6032
4100	6033
1639	6034
2634	6035
967	6036
4728	6037
74	6038
155	6039
1823	6040
7349	6041
2430	6042
3293	6043
157	6044
5626	6045
7390	6046
1448	6047
1217	6048
1797	6049
145	6050
212	6051
4046	6052
7179	6053
85	6054
2655	6055
73	6056
4363	6057
8343	6058
88	6059
550	6060
836	6061
1213	6062
3800	6063
7224	6064
4312	6065
2829	6066
4069	6067
992	6068
1280	6069
3904	6070
7906	6071
3286	6072
6727	6073
2587	6074
864	6075
4575	6076
3119	6077
183	6078
4177	6079
1763	6080
2	6081
2394	6082
3968	6083
6345	6084
5910	6085
2425	6086
1897	6087
388	6088
1908	6089
411	6090
6407	6091
7664	6092
6111	6093
4248	6094
3907	6095
7491	6096
8455	6097
2424	6098
5736	6099
2471	6100
5378	6101
2399	6102
6474	6103
8274	6104
4303	6105
2395	6106
2342	6107
3664	6108
8689	6109
260	6110
325	6111
3852	6112
7982	6113
3063	6114
8767	6115
6468	6116
380	6117
966	6118
8643	6119
263	6120
1494	6121
258	6122
5386	6123
6153	6124
3823	6125
40	6126
8652	6127
3979	6128
4569	6129
5880	6130
4545	6131
5646	6132
1076	6133
4030	6134
8606	6135
7620	6136
7669	6137
2165	6138
2300	6139
5	6140
7394	6141
161	6142
6391	6143
7132	6144
40	6145
8146	6146
635	6147
391	6148
6669	6149
1902	6150
1240	6151
215	6152
7803	6153
4407	6154
3360	6155
58	6156
832	6157
5332	6158
2	6159
1388	6160
6644	6161
5959	6162
6247	6163
7	6164
1454	6165
20	6166
6450	6167
4993	6168
3254	6169
220	6170
753	6171
7408	6172
7418	6173
5818	6174
2124	6175
4801	6176
4120	6177
7407	6178
2887	6179
7008	6180
15	6181
8078	6182
1394	6183
266	6184
7067	6185
2711	6186
5961	6187
979	6188
34	6189
8484	6190
2787	6191
1035	6192
2663	6193
872	6194
8225	6195
5165	6196
7875	6197
7477	6198
2794	6199
3613	6200
1473	6201
5230	6202
4059	6203
8223	6204
5209	6205
5062	6206
8335	6207
507	6208
5548	6209
6779	6210
4624	6211
6966	6212
3527	6213
321	6214
3617	6215
8779	6216
4794	6217
2421	6218
5019	6219
4608	6220
1271	6221
5987	6222
200	6223
1047	6224
5711	6225
122	6226
1586	6227
41	6228
150	6229
3747	6230
6791	6231
2771	6232
5056	6233
6702	6234
5598	6235
4278	6236
8671	6237
3074	6238
4455	6239
3725	6240
230	6241
1537	6242
5124	6243
3133	6244
3966	6245
4711	6246
1982	6247
2419	6248
4163	6249
7791	6250
3611	6251
63	6252
3956	6253
5996	6254
6562	6255
7387	6256
7667	6257
4533	6258
883	6259
6340	6260
4772	6261
990	6262
1593	6263
136	6264
2778	6265
16	6266
5807	6267
236	6268
5793	6269
1686	6270
670	6271
8353	6272
4151	6273
857	6274
1713	6275
7186	6276
1715	6277
5489	6278
7298	6279
206	6280
3556	6281
846	6282
3444	6283
5660	6284
6434	6285
7481	6286
3752	6287
6761	6288
24	6289
3321	6290
398	6291
8619	6292
57	6293
2688	6294
7309	6295
5285	6296
8616	6297
8341	6298
2660	6299
5055	6300
5294	6301
78	6302
4853	6303
14	6304
2616	6305
3019	6306
4584	6307
381	6308
477	6309
2808	6310
1703	6311
22	6312
170	6313
8664	6314
4487	6315
238	6316
4368	6317
882	6318
4657	6319
352	6320
5509	6321
8291	6322
4962	6323
21	6324
35	6325
4591	6326
2905	6327
8641	6328
73	6329
5546	6330
4829	6331
8549	6332
3610	6333
7813	6334
6358	6335
5556	6336
564	6337
16	6338
7151	6339
4075	6340
1193	6341
8428	6342
49	6343
5473	6344
6035	6345
7291	6346
8518	6347
487	6348
691	6349
7706	6350
1420	6351
2830	6352
7323	6353
1621	6354
280	6355
7252	6356
8166	6357
6560	6358
6199	6359
3822	6360
4542	6361
7021	6362
5769	6363
4242	6364
6477	6365
384	6366
6490	6367
4325	6368
6931	6369
287	6370
149	6371
8322	6372
2656	6373
3663	6374
2985	6375
113	6376
2727	6377
4047	6378
4324	6379
1443	6380
975	6381
359	6382
5694	6383
2325	6384
8574	6385
6851	6386
4791	6387
3869	6388
7889	6389
4939	6390
7084	6391
2776	6392
4618	6393
8788	6394
6234	6395
108	6396
9	6397
1557	6398
1415	6399
2444	6400
2619	6401
4927	6402
3730	6403
23	6404
2487	6405
5512	6406
6390	6407
1889	6408
5376	6409
2757	6410
2371	6411
5902	6412
5257	6413
11	6414
5729	6415
5264	6416
8555	6417
3093	6418
8406	6419
116	6420
3311	6421
7787	6422
1921	6423
5412	6424
8	6425
3962	6426
5239	6427
6296	6428
7719	6429
8058	6430
71	6431
5537	6432
5849	6433
7928	6434
7762	6435
4767	6436
4673	6437
733	6438
360	6439
1215	6440
7306	6441
4318	6442
5158	6443
2721	6444
6693	6445
4510	6446
401	6447
1959	6448
4419	6449
921	6450
5132	6451
1605	6452
7694	6453
5724	6454
4118	6455
335	6456
4139	6457
4950	6458
3854	6459
2540	6460
6610	6461
5958	6462
7608	6463
8145	6464
6365	6465
7696	6466
3994	6467
3409	6468
4013	6469
1973	6470
570	6471
3335	6472
4597	6473
1329	6474
618	6475
973	6476
6873	6477
152	6478
3046	6479
2956	6480
6986	6481
1145	6482
1269	6483
2657	6484
994	6485
817	6486
5712	6487
2525	6488
3371	6489
8072	6490
3538	6491
6989	6492
2710	6493
5125	6494
5121	6495
449	6496
3307	6497
254	6498
3201	6499
24	6500
3605	6501
8300	6502
5213	6503
2978	6504
7744	6505
8006	6506
29	6507
3930	6508
300	6509
2389	6510
7023	6511
3748	6512
34	6513
3380	6514
8207	6515
6317	6516
6921	6517
24	6518
3043	6519
6654	6520
7618	6521
4630	6522
8184	6523
4158	6524
5644	6525
1122	6526
141	6527
3871	6528
7010	6529
6971	6530
7428	6531
5749	6532
4153	6533
2050	6534
8441	6535
5438	6536
371	6537
8	6538
2573	6539
8037	6540
3416	6541
7521	6542
688	6543
17	6544
3834	6545
4994	6546
1262	6547
1546	6548
293	6549
4586	6550
4252	6551
2	6552
312	6553
5603	6554
280	6555
91	6556
2032	6557
17	6558
339	6559
3531	6560
6373	6561
3793	6562
6602	6563
112	6564
138	6565
2873	6566
6934	6567
389	6568
3503	6569
6997	6570
3037	6571
4538	6572
822	6573
5463	6574
6528	6575
38	6576
705	6577
6789	6578
8410	6579
6060	6580
7662	6581
23	6582
3094	6583
379	6584
6710	6585
243	6586
2904	6587
7490	6588
3232	6589
6129	6590
1079	6591
996	6592
8709	6593
6596	6594
3596	6595
5336	6596
8025	6597
7613	6598
3351	6599
18	6600
3132	6601
6926	6602
5542	6603
2151	6604
1497	6605
5528	6606
8697	6607
7869	6608
4019	6609
7547	6610
2092	6611
710	6612
2246	6613
8045	6614
2724	6615
225	6616
3225	6617
531	6618
4027	6619
7677	6620
5701	6621
8759	6622
692	6623
3541	6624
3079	6625
2085	6626
1525	6627
1218	6628
6432	6629
4250	6630
5377	6631
5583	6632
1681	6633
7824	6634
7126	6635
5109	6636
1014	6637
2872	6638
5117	6639
79	6640
1101	6641
1879	6642
3810	6643
5287	6644
2448	6645
231	6646
7150	6647
6855	6648
5834	6649
5587	6650
255	6651
484	6652
6010	6653
5103	6654
2432	6655
640	6656
6069	6657
2020	6658
3228	6659
46	6660
5840	6661
5341	6662
8412	6663
417	6664
3438	6665
7885	6666
1230	6667
8287	6668
5649	6669
1492	6670
7297	6671
130	6672
41	6673
2463	6674
1282	6675
4044	6676
547	6677
4984	6678
4704	6679
390	6680
5031	6681
5305	6682
7256	6683
7364	6684
4876	6685
7554	6686
1127	6687
414	6688
3355	6689
3778	6690
3035	6691
3160	6692
372	6693
1822	6694
6235	6695
8187	6696
638	6697
3521	6698
5077	6699
2347	6700
786	6701
2352	6702
3439	6703
71	6704
8734	6705
6114	6706
7988	6707
2043	6708
5380	6709
5293	6710
2633	6711
5388	6712
5526	6713
5179	6714
8373	6715
5606	6716
235	6717
1696	6718
7826	6719
2749	6720
1264	6721
519	6722
5924	6723
4560	6724
5482	6725
7014	6726
4694	6727
1551	6728
3836	6729
8744	6730
7236	6731
461	6732
5563	6733
5822	6734
2466	6735
4505	6736
3250	6737
31	6738
3128	6739
3191	6740
3488	6741
5562	6742
7293	6743
2858	6744
6970	6745
2653	6746
6711	6747
993	6748
6570	6749
7025	6750
1533	6751
6645	6752
8605	6753
3334	6754
7348	6755
5193	6756
5137	6757
527	6758
322	6759
2739	6760
6668	6761
6952	6762
40	6763
7588	6764
1	6765
1507	6766
868	6767
8705	6768
1273	6769
4530	6770
1733	6771
145	6772
2510	6773
2645	6774
4405	6775
3791	6776
1798	6777
6410	6778
1065	6779
4243	6780
36	6781
8386	6782
6701	6783
2370	6784
8568	6785
450	6786
5072	6787
5574	6788
5181	6789
605	6790
2725	6791
7000	6792
5658	6793
7405	6794
8496	6795
4413	6796
4228	6797
544	6798
7549	6799
6040	6800
31	6801
1013	6802
72	6803
1647	6804
7863	6805
4328	6806
1642	6807
385	6808
6264	6809
4506	6810
5540	6811
5820	6812
2455	6813
5495	6814
8052	6815
3715	6816
3581	6817
1777	6818
8242	6819
4547	6820
3482	6821
1074	6822
6386	6823
4048	6824
2111	6825
6121	6826
7952	6827
4925	6828
3422	6829
5382	6830
17	6831
1347	6832
6061	6833
2026	6834
119	6835
8487	6836
6818	6837
8314	6838
2107	6839
123	6840
2737	6841
6563	6842
3551	6843
5160	6844
3848	6845
5799	6846
6675	6847
3208	6848
3484	6849
1072	6850
465	6851
6620	6852
627	6853
5991	6854
4426	6855
7050	6856
7167	6857
417	6858
378	6859
7542	6860
120	6861
7526	6862
3033	6863
2038	6864
7786	6865
7069	6866
1941	6867
816	6868
7808	6869
3282	6870
2367	6871
754	6872
7827	6873
3965	6874
2586	6875
6385	6876
220	6877
1236	6878
4733	6879
5110	6880
3154	6881
4521	6882
5522	6883
214	6884
6181	6885
2693	6886
7971	6887
133	6888
5605	6889
8090	6890
180	6891
3560	6892
1453	6893
8251	6894
1457	6895
7936	6896
42	6897
2801	6898
1952	6899
8002	6900
6347	6901
7907	6902
2807	6903
7557	6904
180	6905
4985	6906
3981	6907
5670	6908
3192	6909
5933	6910
219	6911
7781	6912
7292	6913
8722	6914
1542	6915
429	6916
4949	6917
1761	6918
340	6920
2386	6921
4025	6922
4523	6923
4632	6924
2065	6925
5565	6926
4964	6927
5778	6928
1	6929
3251	6930
997	6931
226	6932
3988	6933
7091	6934
2554	6935
1170	6936
1323	6937
7639	6938
6214	6939
2477	6940
60	6941
7573	6942
120	6943
854	6944
2175	6945
298	6946
6829	6947
7002	6948
2123	6949
2467	6950
6624	6951
213	6952
1016	6953
2502	6954
2069	6955
1656	6956
7957	6957
6393	6958
10	6959
1117	6960
5222	6961
7342	6962
440	6963
118	6964
7376	6965
2052	6966
7698	6967
7123	6968
5320	6969
177	6970
2054	6971
119	6972
482	6973
6845	6974
4637	6975
7925	6976
7739	6977
6368	6978
7802	6979
4495	6980
7417	6981
30	6982
1576	6983
2715	6984
5218	6985
96	6986
702	6987
1976	6988
1265	6989
265	6990
3276	6991
6287	6992
8512	6993
8019	6994
3977	6995
4053	6996
2005	6997
897	6998
289	6999
7702	7000
5689	7001
27	7002
2915	7003
791	7004
7196	7005
513	7006
5208	7007
299	7008
6508	7009
7722	7010
685	7011
7316	7012
4847	7013
94	7014
5547	7015
948	7016
596	7017
469	7018
3768	7019
8085	7020
394	7021
4	7022
5470	7023
3363	7024
361	7025
871	7026
6495	7027
3441	7028
20	7029
5096	7030
2003	7031
3704	7032
1589	7033
6000	7034
6676	7035
1027	7036
483	7037
2396	7038
1381	7039
8524	7040
25	7041
3872	7042
2103	7043
4245	7044
430	7045
6098	7046
1051	7047
168	7048
4582	7049
466	7050
5381	7051
8256	7052
7353	7053
8094	7054
1573	7055
7570	7056
282	7057
5483	7058
6765	7059
8540	7060
2292	7061
1227	7062
3494	7063
621	7064
6500	7065
4724	7066
2484	7067
1425	7068
5639	7069
890	7070
37	7071
8642	7072
3757	7073
5868	7074
4457	7075
247	7076
2479	7077
7312	7078
4816	7079
176	7080
7	7081
1839	7082
6906	7083
4	7084
2	7085
1130	7086
3883	7087
3585	7088
7923	7089
4709	7090
58	7091
6369	7092
8385	7093
4023	7094
68	7095
6364	7096
3561	7097
308	7098
3399	7099
44	7100
1690	7101
48	7102
6423	7103
8774	7104
4383	7105
2286	7106
21	7107
442	7108
1675	7109
5650	7110
3726	7111
7502	7112
3879	7113
6762	7114
6677	7115
3183	7116
423	7117
7944	7118
3517	7119
2280	7120
3042	7121
90	7122
7170	7123
1168	7124
49	7125
2093	7126
6379	7127
3100	7128
13	7129
568	7130
4612	7131
5621	7132
5135	7133
5787	7134
4897	7135
2475	7136
2031	7137
5685	7138
7574	7139
859	7140
6891	7141
3010	7142
5021	7143
2039	7144
645	7145
8752	7146
4341	7147
5352	7148
663	7149
1049	7150
8130	7151
1602	7152
8	7153
6436	7154
4414	7155
4128	7156
5037	7157
2889	7158
368	7159
356	7160
4186	7161
981	7162
7268	7163
6194	7164
744	7165
6655	7166
7571	7167
2639	7168
7253	7169
110	7170
4200	7171
2944	7172
3099	7173
8516	7174
1657	7175
7043	7176
1579	7177
7484	7178
1508	7179
3794	7180
3625	7181
3096	7182
694	7183
2927	7184
7156	7185
5111	7186
7967	7187
4478	7188
2604	7189
5923	7190
3953	7191
3301	7192
4892	7193
7435	7194
4475	7195
66	7196
71	7197
8176	7198
5114	7199
2489	7200
6224	7201
2277	7202
6168	7203
4889	7204
8764	7205
8349	7206
158	7207
2353	7208
8659	7209
4844	7210
4605	7211
274	7212
6982	7213
4587	7214
3566	7215
695	7216
6329	7217
6750	7218
7703	7219
3792	7220
95	7221
1137	7222
1257	7223
6820	7224
891	7225
4049	7226
4870	7227
2101	7228
8018	7229
3651	7230
2906	7231
4181	7232
70	7233
3773	7234
70	7235
2581	7236
5519	7237
3023	7238
1234	7239
4669	7240
1	7241
5600	7242
4256	7243
4830	7244
4261	7245
1790	7246
1088	7247
4680	7248
259	7249
3695	7250
4260	7251
4372	7252
4353	7253
5387	7254
1211	7255
18	7256
3331	7257
8733	7258
5663	7259
6034	7260
8321	7261
2738	7262
4430	7263
2377	7264
4872	7265
4577	7266
5086	7267
4205	7268
2112	7269
1256	7270
7599	7271
2177	7272
4588	7273
5099	7274
861	7275
7892	7276
140	7277
54	7278
1539	7279
203	7280
8104	7281
1669	7282
1389	7283
2331	7284
155	7285
1768	7286
1469	7287
433	7288
7146	7289
7160	7290
4745	7291
4665	7292
7836	7293
4850	7294
8427	7295
5052	7296
4765	7297
7603	7298
2769	7299
687	7300
7240	7301
8160	7302
2928	7303
7318	7304
1196	7305
7138	7306
117	7307
175	7308
5269	7309
7248	7310
7285	7311
3218	7312
1688	7313
6109	7314
5993	7315
5932	7316
631	7317
114	7318
1031	7319
6674	7320
5666	7321
6834	7322
12	7323
1326	7324
23	7325
8218	7326
7080	7327
3263	7328
3400	7329
8610	7330
2512	7331
8342	7332
75	7333
1544	7334
2795	7335
1794	7336
4164	7337
7124	7338
1048	7339
2723	7340
1910	7341
6774	7342
131	7343
47	7344
8475	7345
110	7346
4549	7347
879	7348
773	7349
4992	7350
1632	7351
4707	7352
7001	7353
6587	7354
1566	7355
26	7356
3387	7357
1007	7358
11	7359
8481	7360
9	7361
7143	7362
7828	7363
282	7364
3194	7365
1093	7366
1514	7367
3812	7368
2716	7369
7500	7370
6933	7371
4785	7372
6555	7373
275	7374
1123	7375
5327	7376
2912	7377
8279	7378
8380	7379
6154	7380
3219	7381
1607	7382
8609	7383
5292	7384
7048	7385
1564	7386
1290	7387
4496	7388
6378	7389
8028	7390
8647	7391
1306	7392
248	7393
3	7394
4467	7395
7278	7396
5185	7397
107	7398
6595	7399
6535	7400
1863	7401
3245	7402
7640	7403
1831	7404
5061	7405
285	7406
1732	7407
4195	7408
599	7409
1155	7410
5210	7411
6518	7412
246	7413
7829	7414
8174	7415
3430	7416
628	7417
6205	7418
3801	7419
529	7420
501	7421
3	7422
45	7423
4674	7424
172	7425
4251	7426
51	7427
2157	7428
2650	7429
8253	7430
237	7431
6658	7432
1266	7433
7374	7434
6265	7435
8635	7436
4842	7437
770	7438
4952	7439
3867	7440
5926	7441
3712	7442
5879	7443
2404	7444
1015	7445
17	7446
5	7447
7522	7448
5797	7449
349	7450
3658	7451
4696	7452
289	7453
4445	7454
7606	7455
3594	7456
4094	7457
1871	7458
4567	7459
50	7460
778	7461
8461	7462
7296	7463
3017	7464
7844	7465
5827	7466
5455	7467
4570	7468
3170	7469
7286	7470
8591	7471
7447	7472
7866	7473
4494	7474
6221	7475
824	7476
191	7477
3785	7478
1132	7479
3942	7480
5450	7481
234	7482
2629	7483
7674	7484
8501	7485
6397	7486
87	7487
6195	7488
468	7489
4670	7490
3065	7491
3703	7492
8131	7493
642	7494
2676	7495
686	7496
8235	7497
7993	7498
1699	7499
6652	7500
7727	7501
138	7502
374	7503
1324	7504
4103	7505
5102	7506
8772	7507
5500	7508
1212	7509
523	7510
1610	7511
526	7512
7764	7513
4700	7514
4034	7515
8507	7516
1368	7517
557	7518
1867	7519
5417	7520
551	7522
3328	7523
671	7524
4199	7525
8061	7526
6361	7527
588	7528
5573	7529
297	7530
94	7531
8680	7532
3722	7533
3649	7534
2661	7535
5217	7536
8708	7537
1308	7538
138	7539
2594	7540
5215	7541
4775	7542
2809	7543
3294	7544
472	7545
7683	7546
437	7547
7725	7548
5010	7549
7878	7550
7233	7551
1422	7552
7665	7553
4660	7554
3442	7555
71	7556
7199	7557
3152	7558
4658	7559
5391	7560
8790	7561
368	7562
3787	7563
6523	7564
8157	7565
8093	7566
1869	7567
8614	7568
65	7569
1575	7570
1660	7571
2575	7572
3933	7573
5367	7574
8250	7575
6355	7576
7442	7577
571	7578
8720	7579
2438	7580
3189	7581
4409	7582
5784	7583
546	7584
5144	7585
491	7586
2767	7587
55	7588
129	7589
843	7590
4	7591
5150	7592
4940	7593
5956	7594
1221	7595
3385	7596
3367	7597
1724	7598
126	7599
4295	7600
6922	7601
1360	7602
1216	7603
2259	7604
26	7605
36	7606
2597	7607
8	7608
6907	7609
7732	7610
1808	7611
1252	7612
1673	7613
5270	7614
329	7615
5118	7616
4715	7617
123	7618
172	7619
8500	7620
7750	7621
4679	7622
4097	7623
312	7624
493	7625
5115	7626
1243	7627
6640	7628
1522	7629
841	7630
5199	7631
683	7632
295	7633
5155	7634
2195	7635
5059	7636
7579	7637
3720	7638
370	7639
4481	7640
2495	7641
8332	7642
4627	7643
8749	7644
4743	7645
5986	7646
8473	7647
5627	7648
7457	7649
7072	7650
216	7651
910	7652
1835	7653
1707	7654
3973	7655
4654	7656
213	7657
4058	7658
6384	7659
24	7660
4919	7661
6290	7662
5280	7663
6377	7664
5770	7665
7527	7666
2436	7667
6663	7668
3344	7669
6877	7670
3391	7671
8392	7672
3576	7673
409	7674
8582	7675
144	7676
4532	7677
2683	7678
6209	7679
7501	7680
3373	7681
3992	7682
433	7683
299	7684
2350	7685
191	7686
507	7687
4625	7688
7555	7689
1	7690
1782	7691
5201	7692
4387	7693
8282	7694
5477	7695
926	7696
1147	7697
2535	7698
2563	7699
8577	7700
2244	7701
2819	7702
2879	7703
2439	7704
5440	7705
8278	7706
2623	7707
5839	7708
3012	7709
7566	7710
97	7711
4779	7712
7121	7713
7035	7714
29	7715
5746	7716
7331	7717
5945	7718
4979	7719
3811	7720
2605	7721
4422	7722
379	7723
1250	7724
7896	7725
5166	7726
8391	7727
5638	7728
6513	7729
5284	7730
6244	7731
3943	7732
2417	7733
7242	7734
1055	7735
4931	7736
8404	7737
2288	7738
7384	7739
5335	7740
6863	7741
2329	7742
5462	7743
865	7744
582	7745
489	7746
294	7747
2545	7748
6813	7749
8704	7750
8203	7751
2940	7752
41	7753
7780	7754
2803	7755
2838	7756
5727	7757
8645	7758
2311	7759
19	7760
73	7761
7161	7762
5006	7763
893	7764
2449	7765
3302	7766
7232	7767
347	7768
2538	7769
5536	7770
105	7771
4934	7772
1167	7773
7	7774
7308	7775
4451	7776
88	7777
2763	7778
5871	7779
548	7780
15	7781
2897	7782
8185	7783
176	7784
3261	7785
7059	7786
4447	7787
4610	7788
3211	7789
4936	7790
5772	7791
1025	7792
4676	7793
1190	7794
2068	7795
3783	7796
4504	7797
8723	7798
1139	7799
431	7800
8450	7801
1229	7802
5614	7803
7545	7804
314	7805
4220	7806
4573	7807
258	7808
20	7809
3705	7810
4747	7811
6083	7812
6099	7813
6882	7814
2890	7815
7122	7816
8778	7817
2	7818
2544	7819
1304	7820
1495	7821
5957	7822
8301	7823
8548	7824
2061	7825
6166	7826
6626	7827
1951	7828
1810	7829
5225	7830
28	7831
2935	7832
2067	7833
945	7834
7821	7835
6787	7836
575	7837
1002	7838
2007	7839
8592	7840
8658	7841
2355	7842
4671	7843
8366	7844
3498	7845
441	7846
4928	7847
4590	7848
2481	7849
2729	7850
6326	7851
1620	7852
5492	7853
8761	7854
2208	7855
7192	7856
4782	7857
4439	7858
2959	7859
7330	7860
3661	7861
763	7862
4831	7863
1874	7864
1103	7865
5667	7866
2291	7867
24	7868
7063	7869
877	7870
6771	7871
4617	7872
8346	7873
403	7874
4216	7875
6510	7876
151	7877
241	7878
682	7879
102	7880
6918	7881
3940	7882
7467	7883
3161	7884
7360	7885
3	7886
5700	7887
4404	7888
4708	7889
5676	7890
4155	7891
7496	7892
7416	7893
5508	7894
318	7895
2508	7896
3528	7897
6043	7898
98	7899
749	7900
6717	7901
5033	7902
4465	7903
7265	7904
6584	7905
3604	7906
678	7907
4725	7908
3632	7909
48	7910
133	7911
7052	7912
4773	7913
1120	7914
3350	7915
5290	7916
6396	7917
5673	7918
7485	7919
8637	7920
207	7921
1721	7922
4908	7923
5244	7924
8463	7925
3258	7926
265	7927
217	7928
3088	7929
2966	7930
7235	7931
8026	7932
5568	7933
146	7934
4867	7935
1272	7936
4082	7937
7383	7938
3249	7939
516	7940
3490	7941
3710	7942
6242	7943
2836	7944
1391	7945
7793	7946
8170	7947
5176	7948
390	7949
7801	7950
3324	7951
4	7952
6875	7953
130	7954
8682	7955
1490	7956
6304	7957
50	7958
5890	7959
8307	7960
7769	7961
7489	7962
4310	7963
942	7964
4691	7965
105	7966
591	7967
2569	7968
4508	7969
5781	7970
4749	7971
1693	7972
7536	7973
4384	7974
5032	7975
3601	7976
8471	7977
6135	7978
6650	7979
2118	7980
5783	7981
6847	7982
6488	7983
1719	7984
5503	7985
221	7986
423	7987
2289	7988
6425	7989
4316	7990
53	7991
4684	7992
1726	7993
5034	7994
8239	7995
1804	7996
4402	7997
2171	7998
5887	7999
182	8000
3105	8001
3186	8002
6382	8003
2169	8004
6796	8005
2869	8006
7499	8007
8124	8008
7366	8009
6159	8010
2578	8011
456	8012
268	8013
1748	8014
2283	8015
5180	8016
3077	8017
5757	8018
165	8019
3639	8020
8318	8021
554	8022
57	8023
7766	8024
6635	8025
8208	8026
2703	8027
490	8028
19	8029
46	8030
7211	8031
1307	8032
1827	8033
1998	8034
6313	8035
4738	8036
718	8037
449	8038
7816	8039
6991	8040
8221	8041
4716	8042
8597	8043
4104	8044
6833	8045
29	8046
5750	8047
665	8048
8399	8049
5011	8050
179	8051
5310	8052
3667	8053
4	8054
1513	8055
2709	8056
828	8057
4981	8058
3196	8059
5823	8060
6096	8061
6687	8062
6544	8063
81	8064
6861	8065
327	8066
6709	8067
2113	8068
1438	8069
4235	8070
8306	8071
169	8072
91	8073
2314	8074
229	8075
4891	8076
5253	8077
7142	8078
13	8079
862	8080
6898	8081
7283	8082
1572	8083
3382	8084
1694	8085
497	8086
3465	8087
8429	8088
6525	8089
29	8090
1430	8091
5859	8092
4881	8093
5054	8094
6712	8095
8375	8096
3487	8097
4090	8098
1195	8099
8069	8100
4825	8101
1292	8102
1772	8103
5695	8104
6167	8105
3222	8106
49	8107
279	8108
4311	8109
112	8110
1834	8111
13	8112
6639	8113
5324	8114
1157	8115
343	8116
3993	8117
1098	8118
8465	8119
7770	8120
2642	8121
5339	8122
1395	8123
5721	8124
6249	8125
500	8126
504	8127
7314	8128
3340	8129
36	8130
1164	8131
3155	8132
3826	8133
5043	8134
2128	8135
20	8136
1859	8137
5982	8138
6487	8139
4974	8140
4093	8141
5241	8142
9	8143
6732	8144
5200	8145
6538	8146
2402	8147
4174	8148
8636	8149
2336	8150
4206	8151
21	8152
4	8153
1286	8154
8793	8155
3550	8156
352	8157
1617	8158
2880	8159
6844	8160
42	8161
965	8162
3005	8163
6665	8164
2908	8165
8538	8166
7905	8167
221	8168
7044	8169
7805	8170
4602	8171
1404	8172
1865	8173
3932	8174
620	8175
8345	8176
4333	8177
7513	8178
5771	8179
4727	8180
5426	8181
2094	8182
4403	8183
466	8184
5867	8185
5994	8186
3788	8187
5577	8188
6698	8189
974	8190
1405	8191
2637	8192
6621	8193
1487	8194
6335	8195
4280	8196
3322	8197
4326	8198
2593	8199
422	8200
8277	8201
3920	8202
112	8203
2490	8204
4266	8205
6185	8206
944	8207
3064	8208
4585	8209
7246	8210
7462	8211
8418	8212
1033	8213
6139	8214
1925	8215
7961	8216
6302	8217
4593	8218
127	8219
6356	8220
5410	8221
7666	8222
2324	8223
6648	8224
7393	8225
4918	8227
7038	8228
2047	8229
5362	8230
5918	8231
144	8232
1723	8233
232	8234
2564	8235
1653	8236
8529	8237
5504	8238
2363	8239
6549	8240
8492	8241
4524	8242
8370	8243
8495	8244
1022	8245
1263	8246
7197	8247
8249	8248
4237	8249
301	8250
6499	8251
4859	8252
4878	8253
505	8254
7968	8255
11	8256
3026	8257
8289	8258
4127	8259
5188	8260
1708	8261
140	8262
5439	8263
436	8264
1988	8265
8732	8266
7046	8267
4473	8268
7643	8269
42	8270
116	8271
134	8272
7509	8273
7877	8274
7796	8275
6222	8276
1895	8277
7992	8278
7367	8279
8070	8280
964	8281
5130	8282
3241	8283
3912	8284
2091	8285
1829	8286
7691	8287
8405	8288
3742	8289
14	8290
7675	8291
8588	8292
6588	8293
1516	8294
8690	8295
8442	8296
1873	8297
29	8298
8440	8299
7633	8300
8741	8301
1629	8302
5421	8303
3510	8304
5197	8305
6115	8306
5559	8307
3417	8308
1152	8309
3525	8310
3614	8311
7543	8312
787	8313
4559	8314
220	8315
56	8316
8038	8317
121	8318
6016	8319
4	8320
2176	8321
4965	8322
2147	8323
7685	8324
3986	8325
1582	8326
310	8327
698	8328
7537	8329
18	8330
5766	8331
6572	8332
7931	8333
100	8334
1208	8336
4969	8337
3	8338
2568	8339
4385	8340
3193	8341
2040	8342
5418	8343
202	8344
11	8345
2253	8346
12	8347
346	8348
8753	8349
4595	8350
6700	8351
4313	8352
6576	8353
444	8354
6852	8355
4469	8356
6122	8357
542	8358
123	8359
1341	8360
7012	8361
8350	8362
3464	8363
8262	8364
4185	8365
326	8366
6983	8367
8415	8368
569	8369
3007	8370
22	8371
2385	8372
5817	8373
894	8374
27	8375
3	8376
7516	8377
5399	8378
8234	8379
6721	8380
7835	8381
303	8382
3407	8383
7139	8384
6744	8385
4900	8386
2671	8387
8633	8388
1030	8389
4902	8390
5075	8391
38	8392
5371	8393
8273	8394
6239	8395
7647	8396
7932	8397
75	8398
7754	8399
5395	8400
1786	8401
3900	8402
4323	8403
387	8404
4815	8405
7430	8406
3437	8407
2164	8408
6853	8409
5469	8410
1783	8411
1179	8412
5345	8413
8457	8414
71	8415
245	8416
113	8417
5796	8418
2167	8419
5675	8420
6972	8421
445	8422
8149	8423
3454	8424
5063	8425
69	8426
8032	8427
6140	8428
4544	8429
8138	8430
91	8431
760	8432
5044	8433
4061	8434
7284	8435
4458	8436
249	8437
2882	8438
6293	8439
7653	8440
946	8441
3845	8442
7990	8443
8181	8444
884	8445
2812	8446
29	8447
6058	8448
3057	8449
1163	8450
147	8451
2980	8452
5515	8453
9	8454
18	8455
1712	8456
10	8457
125	8458
6571	8459
3888	8460
226	8461
5337	8462
5762	8463
774	8464
7321	8465
7250	8466
2699	8467
5853	8468
5937	8470
6241	8471
7	8472
856	8473
6320	8474
7165	8475
114	8476
1319	8477
2284	8478
7324	8479
2168	8480
4805	8481
6885	8482
5177	8483
5078	8484
8379	8485
3533	8486
7454	8487
33	8488
5194	8489
101	8490
5561	8491
5997	8492
7320	8493
5967	8494
2612	8495
6908	8496
925	8497
5398	8498
5810	8499
8660	8500
375	8501
8654	8502
343	8503
7307	8504
8328	8505
2692	8506
1595	8507
4140	8508
4105	8509
3345	8510
3479	8511
5808	8512
1005	8513
7682	8514
334	8515
4175	8516
84	8517
7819	8518
537	8519
85	8520
49	8521
6087	8522
5351	8523
7446	8524
3493	8525
3537	8526
2333	8527
5134	8528
337	8529
4803	8530
52	8531
222	8532
406	8533
8272	8534
6292	8535
613	8536
306	8537
6057	8538
2994	8539
2970	8540
1247	8541
1817	8542
1444	8543
2158	8544
6803	8545
1746	8546
2741	8547
4968	8548
3403	8549
6282	8550
2296	8551
5652	8552
5262	8553
757	8554
5815	8555
3936	8556
7956	8557
6522	8558
1194	8559
7157	8560
8686	8561
3062	8562
474	8563
7007	8564
2610	8565
4683	8566
5172	8567
338	8568
7635	8569
4833	8570
5060	8571
2482	8572
1094	8573
5488	8574
3763	8575
68	8576
595	8577
1246	8578
6321	8579
6714	8580
728	8581
1974	8582
8646	8583
1527	8584
21	8585
7987	8586
4915	8587
6835	8588
2500	8589
7590	8590
462	8591
2387	8592
5592	8593
2681	8594
473	8595
712	8596
3582	8597
6383	8598
8067	8599
1185	8600
3091	8601
509	8602
14	8603
6866	8604
1736	8605
32	8606
2862	8607
3514	8608
1672	8609
244	8610
4903	8611
1293	8612
6149	8613
3653	8614
4552	8615
7326	8616
8491	8617
5048	8618
2565	8619
831	8620
30	8621
6116	8622
1393	8623
3732	8624
2497	8625
7432	8626
46	8627
4644	8628
7900	8629
5616	8630
534	8631
5842	8632
8134	8633
54	8634
785	8635
2391	8636
65	8637
361	8638
5174	8639
7168	8640
31	8641
6797	8642
6073	8643
6372	8644
5445	8645
3708	8646
7773	8647
1333	8648
7996	8649
4024	8650
576	8651
328	8652
8784	8653
4065	8654
3548	8655
2551	8656
7109	8657
7279	8658
4858	8659
3470	8660
5429	8661
7707	8662
124	8663
1858	8664
5240	8665
5651	8666
1599	8667
2507	8668
7280	8669
1337	8670
540	8671
1947	8672
4441	8673
5338	8674
2170	8675
615	8676
6486	8677
4913	8678
851	8679
7487	8680
4416	8681
2049	8682
5079	8683
233	8684
7412	8685
7879	8686
2435	8687
797	8688
8244	8689
6462	8690
5641	8691
1623	8692
7475	8693
6418	8694
1238	8695
6	8696
8576	8697
8336	8698
3574	8699
7322	8700
1110	8701
187	8702
2474	8703
4754	8704
3631	8705
3356	8706
8323	8707
6440	8708
3451	8709
2488	8710
2027	8711
2470	8712
2647	8713
4083	8714
656	8715
8109	8716
5903	8717
1744	8718
262	8719
196	8720
4187	8721
949	8722
7145	8723
108	8724
413	8725
4411	8726
6878	8727
899	8728
8356	8729
5789	8730
5668	8731
1135	8732
8530	8733
8567	8734
8453	8735
2687	8736
5999	8737
3203	8738
1828	8739
5909	8740
2549	8741
1206	8742
43	8743
4885	8744
8632	8745
4527	8746
3121	8747
7497	8748
5098	8749
4064	8750
375	8751
4332	8752
2066	8753
2121	8754
7871	8755
2649	8756
6065	8757
4136	8758
3178	8759
209	8760
7921	8761
1943	8762
6288	8763
7626	8764
1339	8765
2770	8766
3283	8767
3299	8768
1188	8769
7271	8770
2938	8771
5848	8772
8443	8773
4421	8774
1483	8775
8226	8776
1376	8777
1159	8778
6653	8779
6517	8780
432	8781
930	8782
2986	8783
7812	8784
5444	8785
5664	8786
7492	8787
5322	8788
7686	8789
3349	8790
2588	8791
4470	8792
4393	8793
156	8794
1577	8795
13	8796
8594	8797
2418	8798
5297	8799
8438	8800
1491	8801
6558	8802
2553	8803
2461	8804
4273	8805
2690	8806
274	8807
7195	8808
67	8809
1531	8810
8688	8811
1887	8812
2373	8813
2947	8814
7711	8815
8016	8816
1199	8817
22	8818
48	8819
1913	8820
4843	8821
5403	8822
6338	8823
4623	8824
539	8825
8359	8826
1040	8827
1520	8828
7843	8829
2182	8830
3483	8831
54	8832
3565	8833
4214	8834
5686	8835
5090	8836
6268	8837
171	8838
3173	8839
673	8840
4880	8841
2955	8842
3274	8843
4054	8844
2747	8845
7973	8846
1780	8847
3607	8848
5699	8849
8508	8850
6708	8851
1173	8852
8424	8853
108	8854
4606	8855
65	8856
4771	8857
6095	8858
73	8859
2896	8860
4463	8861
5995	8862
6151	8863
5692	8864
1949	8865
7587	8866
189	8867
2408	8868
1382	8869
1038	8870
353	8871
5101	8872
5539	8873
4551	8874
3522	8875
3412	8876
2285	8877
5917	8878
386	8879
5618	8880
1650	8881
7638	8882
3740	8883
6131	8884
3832	8885
2224	8886
1627	8887
7217	8888
8691	8889
3190	8890
4462	8891
1177	8892
4808	8893
6932	8894
6019	8895
1875	8896
4942	8897
4705	8898
7131	8899
6815	8900
6002	8901
3471	8902
985	8903
5392	8904
2555	8905
23	8906
330	8907
7305	8908
108	8909
50	8910
4820	8911
46	8912
5819	8913
1298	8914
2925	8915
157	8917
8075	8918
586	8919
6363	8920
2452	8921
1061	8922
3580	8923
1080	8924
1128	8925
5353	8926
3999	8927
26	8928
3401	8929
134	8930
5442	8931
4541	8932
7692	8933
6366	8934
89	8935
6529	8936
238	8937
4823	8938
4987	8939
4165	8940
7984	8941
1770	8942
8601	8943
490	8944
5716	8945
7572	8946
3209	8947
393	8948
6032	8949
1540	8950
6420	8951
8525	8952
1684	8953
159	8954
3289	8955
3600	8956
6170	8957
58	8958
1728	8959
5080	8960
4150	8961
4340	8962
8337	8963
7995	8964
222	8965
5731	8966
4349	8967
75	8968
7078	8969
158	8970
6071	8971
175	8972
332	8973
7036	8974
2321	8975
479	8976
4884	8977
7601	8978
8586	8979
1106	8980
646	8981
5513	8982
4314	8983
2173	8984
7034	8985
114	8986
3508	8987
5295	8988
8672	8989
2504	8990
4095	8991
793	8992
3021	8993
194	8994
8627	8995
8557	8996
1091	8997
4	8998
3278	8999
5423	9000
7344	9001
6246	9002
8271	9003
5370	9004
8055	9005
3097	9006
885	9007
1503	9008
7088	9009
6130	9010
5920	9011
8361	9012
2805	9013
5953	9014
481	9015
6133	9016
1045	9017
7070	9018
3443	9019
6228	9020
6374	9021
2303	9022
3393	9023
6442	9024
6581	9025
2327	9026
393	9027
4347	9028
3724	9029
5036	9030
7263	9031
2426	9032
1396	9033
8625	9034
6978	9035
3754	9036
101	9037
2742	9038
4668	9039
2870	9040
690	9041
102	9042
59	9043
7079	9044
2914	9045
2468	9046
142	9047
3889	9048
6007	9049
7255	9050
4649	9051
6680	9052
2193	9053
7030	9054
614	9055
2832	9056
4196	9057
7445	9058
5204	9059
8295	9060
7207	9061
7310	9062
780	9063
5983	9064
247	9065
447	9066
8449	9067
4232	9068
1695	9069
3756	9070
3688	9071
2635	9072
7356	9073
6740	9074
68	9075
8700	9076
139	9077
4702	9078
6203	9079
1476	9080
8220	9081
3678	9082
355	9083
378	9084
30	9085
4518	9086
4282	9087
488	9088
4086	9089
3158	9090
292	9091
5022	9092
5309	9093
2958	9094
5791	9095
4440	9096
7140	9097
5049	9098
2163	9099
251	9100
6550	9101
4110	9102
6119	9103
6988	9104
6569	9105
7567	9106
8261	9107
8183	9108
6828	9109
4951	9110
345	9111
38	9112
164	9113
8043	9114
1366	9115
5696	9116
2344	9117
6334	9118
6976	9119
3308	9120
630	9121
3938	9122
7865	9123
454	9124
8674	9125
6884	9126
532	9127
7340	9128
193	9129
7559	9130
2315	9131
3945	9132
5427	9133
151	9134
6867	9135
8485	9136
577	9137
6254	9138
8533	9139
6337	9140
2274	9141
386	9142
3028	9143
1604	9144
4619	9145
7011	9146
6593	9147
5723	9148
3112	9149
5726	9150
8702	9151
1878	9152
7208	9153
52	9154
1846	9155
7540	9156
8731	9157
5365	9158
2796	9159
140	9160
7834	9161
661	9162
4604	9163
6506	9164
4799	9165
443	9166
1082	9167
5219	9168
1043	9169
8263	9170
6807	9171
2161	9172
608	9173
64	9174
5271	9175
1965	9176
1450	9177
110	9178
8100	9179
1081	9180
2537	9181
6969	9182
5672	9183
2900	9184
6917	9185
2800	9186
3795	9187
4868	9188
5206	9189
2037	9190
2129	9191
7057	9192
8490	9193
1837	9194
5518	9195
6445	9196
5223	9197
5147	9198
3067	9199
37	9200
5990	9201
2354	9202
7794	9203
4210	9204
2519	9205
1397	9206
7327	9207
745	9208
8317	9209
587	9210
4309	9211
6547	9212
561	9213
7225	9214
8298	9215
3707	9216
5120	9217
6505	9218
5776	9219
100	9220
5242	9221
166	9222
4221	9223
72	9224
8143	9225
4759	9226
3410	9227
407	9228
7962	9229
7561	9230
2789	9231
7656	9232
8151	9233
448	9234
7765	9235
7617	9236
1474	9237
1006	9238
5475	9239
224	9240
406	9241
2115	9242
2248	9243
5898	9244
4041	9245
2221	9246
366	9247
2415	9248
2122	9249
458	9250
225	9252
99	9253
6207	9254
6705	9255
3647	9256
51	9257
8091	9258
6755	9259
2420	9260
8276	9261
53	9262
3140	9263
536	9264
1795	9265
533	9266
6408	9267
991	9268
6483	9269
5913	9270
4172	9271
4472	9272
4730	9273
7767	9274
2517	9275
478	9276
8526	9277
7379	9278
1398	9279
6402	9280
4686	9281
8284	9282
3453	9283
11	9284
3947	9285
3436	9286
4249	9287
2857	9288
1961	9289
8132	9290
7452	9291
752	9292
8687	9293
6031	9294
5494	9295
3684	9296
6951	9297
8049	9298
7716	9299
30	9300
229	9301
293	9302
3698	9303
8395	9304
7927	9305
3955	9306
4752	9307
3515	9308
1180	9309
2967	9310
8738	9311
6868	9312
6091	9313
4516	9314
1198	9315
3421	9316
2844	9317
252	9318
7411	9319
3643	9320
747	9321
1594	9322
317	9323
86	9324
5068	9325
55	9326
6077	9327
2999	9328
4045	9329
6810	9330
5182	9331
1138	9332
7141	9333
3229	9334
59	9335
6150	9336
1214	9337
2627	9338
1896	9339
5976	9340
517	9341
2056	9342
3539	9343
4394	9344
4731	9345
5960	9346
430	9347
5029	9348
8479	9349
8556	9350
8622	9351
5594	9352
125	9353
1466	9354
5899	9355
788	9356
8541	9357
231	9358
3634	9359
8023	9360
3615	9361
8196	9362
3095	9363
198	9364
3332	9365
6156	9366
3398	9367
545	9368
4366	9369
2450	9370
2518	9371
189	9372
8425	9373
178	9374
7788	9375
3	9376
2793	9377
5615	9378
1999	9379
3842	9380
4410	9381
278	9382
1301	9383
5476	9384
6107	9385
6816	9386
8192	9387
6456	9388
2390	9389
6974	9390
5946	9391
5742	9392
2981	9393
1510	9394
2572	9395
7148	9396
460	9397
4836	9398
5882	9399
3816	9400
8740	9401
1493	9402
602	9403
5684	9404
2735	9405
6	9406
7290	9407
76	9408
6183	9409
8388	9410
5832	9411
1742	9412
8102	9413
208	9414
7479	9415
3595	9416
1362	9417
1916	9418
3660	9419
7874	9420
6414	9421
4561	9422
177	9423
10	9424
4721	9425
2016	9426
4784	9427
7361	9428
7867	9429
4364	9430
2473	9431
6252	9432
15	9433
154	9434
601	9435
1877	9436
8716	9437
35	9438
5580	9439
6030	9440
5597	9441
776	9442
5973	9443
933	9444
8754	9445
6430	9446
1299	9447
35	9448
7261	9449
56	9450
5169	9451
7868	9452
309	9453
1426	9454
2009	9455
471	9456
419	9457
8241	9458
76	9459
223	9460
4601	9461
4109	9462
8255	9463
1809	9464
409	9465
1	9466
74	9467
7410	9468
5897	9469
4202	9470
14	9471
995	9472
7332	9473
6475	9474
2825	9475
8009	9476
187	9477
3168	9478
45	9479
756	9480
8020	9481
3029	9482
1754	9483
3505	9484
51	9485
128	9486
1992	9487
153	9488
7641	9489
7969	9490
1636	9491
8382	9492
4631	9493
132	9494
174	9495
3789	9496
1807	9497
7135	9498
5936	9499
2014	9500
5575	9501
4651	9502
6357	9503
8563	9504
4268	9505
162	9506
21	9507
1309	9508
1328	9509
5275	9510
1855	9511
2917	9512
6632	9513
8333	9514
3445	9515
23	9516
6945	9517
2560	9518
8364	9519
2596	9520
8780	9521
367	9522
8662	9523
2638	9524
8210	9525
4018	9526
11	9527
7534	9528
900	9529
60	9530
4456	9531
3296	9532
7033	9533
2646	9534
4786	9535
8735	9536
5	9537
7919	9538
7848	9539
5674	9540
7081	9541
1377	9542
6519	9543
8004	9544
1644	9545
6776	9546
5869	9547
7605	9548
1169	9549
7615	9550
5648	9551
581	9552
2004	9553
5042	9554
2539	9555
8394	9556
7708	9557
4912	9558
3054	9559
1705	9560
7846	9561
148	9562
7595	9563
1042	9564
6023	9565
7133	9566
7963	9567
3970	9568
2	9569
4841	9570
7616	9571
7163	9572
1315	9573
6836	9574
198	9575
5126	9576
3978	9577
3002	9578
8760	9579
4297	9580
82	9581
2766	9582
4406	9583
6585	9584
6903	9585
6399	9586
743	9587
4253	9588
7529	9589
4636	9590
1983	9591
6947	9592
78	9593
3476	9594
8419	9595
102	9596
748	9597
161	9598
2209	9599
4740	9600
4983	9601
5632	9602
2287	9603
2521	9604
8194	9605
1447	9606
1946	9607
3358	9608
2051	9609
7593	9610
7749	9611
61	9612
3636	9613
7782	9614
709	9615
4374	9616
90	9617
1625	9618
1019	9619
7575	9620
520	9621
8768	9622
5687	9623
1955	9624
322	9625
18	9626
3142	9627
4264	9628
2740	9629
731	9630
3922	9631
6162	9632
7234	9633
499	9634
3413	9635
1244	9636
156	9637
2768	9638
928	9639
2632	9640
2898	9641
5041	9642
3587	9643
3523	9644
5314	9645
411	9646
7602	9647
2343	9648
6839	9649
5397	9650
1962	9651
2188	9652
597	9653
931	9654
160	9655
4066	9656
7627	9657
4534	9658
387	9659
55	9660
4147	9661
418	9662
45	9663
3305	9664
1255	9665
388	9666
2526	9667
5017	9668
5970	9669
7086	9670
242	9671
7901	9672
7760	9673
2359	9674
6857	9675
4750	9676
7153	9677
336	9678
3686	9679
8029	9680
5610	9681
1408	9682
7600	9683
1410	9684
3588	9685
3759	9686
6957	9687
3878	9688
212	9689
1904	9690
1523	9691
1505	9692
2234	9693
7	9694
5070	9695
4317	9696
2877	9697
97	9698
8142	9699
3880	9700
112	9701
3612	9702
35	9703
3053	9704
1204	9705
2141	9706
17	9707
4726	9708
1325	9709
1460	9710
2775	9711
1406	9712
8775	9713
1793	9714
1741	9715
68	9716
5922	9717
6092	9718
1842	9719
6545	9721
5856	9722
6631	9723
2232	9724
227	9725
1267	9726
4028	9727
6770	9728
6756	9729
7337	9730
1	9731
6586	9732
480	9733
7860	9734
1414	9735
8713	9736
4376	9737
5944	9738
3055	9739
34	9740
927	9741
3336	9742
3411	9743
498	9744
2186	9745
7730	9746
392	9747
6916	9748
83	9749
1931	9750
4901	9751
415	9752
5348	9753
5446	9754
4388	9755
648	9756
3231	9757
142	9758
3718	9759
6786	9760
8092	9761
1383	9762
2120	9763
1231	9764
8216	9765
3728	9766
5927	9767
6186	9768
7101	9769
4483	9770
2840	9771
6613	9772
8133	9773
3104	9774
4956	9775
7817	9777
4022	9778
1356	9779
115	9780
5198	9781
2087	9782
998	9783
6858	9784
4762	9785
496	9786
6074	9787
7299	9788
7989	9789
410	9790
277	9791
4646	9792
984	9793
5517	9794
4751	9795
7116	9796
7058	9797
8683	9798
7110	9799
399	9800
28	9801
231	9802
340	9803
8110	9804
989	9805
5211	9806
6457	9807
6017	9808
2531	9809
5411	9810
715	9811
4122	9812
39	9813
511	9814
4555	9815
3995	9816
2290	9817
2104	9818
8036	9819
6940	9820
6050	9821
232	9822
3124	9823
7315	9824
6063	9825
6452	9826
4466	9827
276	9828
7347	9829
4882	9830
28	9831
6696	9832
1499	9833
72	9834
4932	9835
453	9836
1374	9837
7018	9838
4990	9839
6269	9840
1478	9841
3557	9842
5745	9843
1665	9844
2010	9845
1565	9846
7911	9847
67	9848
207	9849
5237	9850
2622	9851
7096	9852
8	9853
2516	9854
28	9855
6736	9856
3831	9857
5730	9858
3884	9859
2433	9860
9	9861
227	9862
13	9863
1633	9864
4894	9865
4764	9866
15	9867
697	9868
2098	9869
5	9870
351	9871
2528	9872
1150	9873
4493	9874
1526	9875
3806	9876
3165	9877
866	9878
2679	9879
827	9880
3406	9881
5835	9882
1176	9883
5162	9884
1954	9885
3281	9886
804	9887
8623	9888
4289	9889
1258	9890
510	9891
374	9892
2309	9893
7904	9894
5763	9895
7172	9896
3877	9897
8139	9898
4565	9899
74	9900
954	9901
2750	9902
2818	9903
8519	9904
8715	9905
4875	9906
21	9907
27	9908
5740	9909
7282	9910
1401	9911
5203	9912
5581	9913
1911	9914
3635	9915
2332	9916
6028	9917
95	9918
6493	9919
3207	9920
1909	9921
5092	9922
2875	9923
7859	9924
225	9925
3223	9926
13	9927
4299	9928
6910	9929
8433	9930
9	9931
4286	9932
5630	9933
2988	9934
5313	9935
3435	9936
90	9937
623	9938
2358	9939
5529	9940
92	9941
269	9942
2189	9943
315	9944
30	9945
7735	9946
3701	9947
3529	9948
1092	9949
92	9950
2702	9951
5814	9952
2273	9953
611	9954
204	9955
13	9956
1677	9957
6112	9958
36	9959
7583	9960
3277	9961
2913	9962
3524	9963
8024	9964
7951	9965
8783	9966
7272	9967
3825	9968
7380	9969
2055	9970
5379	9971
6463	9972
5963	9973
2963	9974
4635	9975
5864	9976
777	9977
2194	9978
2902	9979
84	9980
7300	9981
3287	9982
1700	9983
4571	9984
8569	9985
6059	9986
4766	9987
4546	9988
520	9989
7763	9990
21	9991
7444	9992
2372	9993
6100	9994
4947	9995
971	9996
4999	9997
3162	9998
363	9999
8228	10000
